0.603436
0.406437
0.224841
0.161953
0.107479
0.071075
0.058773
0.052464
0.051911
0.051062
0.049872
0.052602
0.046980
0.044889
0.047611
0.043805
0.043778
0.043786
0.041996
0.042809
0.040093
0.043501
0.045494
0.040740
0.041521
0.038170
0.042166
0.043786
0.043771
0.043263
0.042300
0.042518
0.045894
0.045052
0.042949
0.044466
0.041011
0.038615
0.040911
0.041681
0.041327
0.038009
0.037288
0.039977
0.038298
0.036341
0.038121
0.036231
0.040899
0.042856
0.041629
0.040217
0.040207
0.037777
0.038862
0.039139
0.038443
0.036440
0.035494
0.038715
0.035563
0.035833
0.037765
0.038027
0.036788
0.037673
0.035179
0.036082
0.034407
0.032266
0.034444
0.033970
0.033967
0.036337
0.036294
0.035564
0.035300
0.030119
0.032751
0.032328
0.038194
0.037618
0.035330
0.035034
0.032660
0.032657
0.030376
0.036066
0.037351
0.032634
0.032000
0.032051
0.032098
0.035060
0.036589
0.034382
0.036461
0.035699
0.035057
0.033923
0.033079
0.035670
0.039454
0.042892
0.040200
0.038820
0.039363
0.044032
0.043977
0.043460
0.043553
0.041321
0.040946
0.040072
0.038795
0.038779
0.035773
0.036916
0.038891
0.042739
0.042666
0.038448
0.034797
0.035886
0.045314
0.036059
0.036662
0.035673
0.032983
0.036089
0.036984
0.033495
0.031574
0.033734
0.030116
0.027194
0.027966
0.026151
0.030938
0.029870
0.027877
0.031471
0.037676
0.031372
0.031471
0.029450
0.028695
0.028432
0.028368
0.030963
