0.461311
0.343296
0.342101
0.285974
0.235936
0.191859
0.181193
0.146922
0.108474
0.067203
0.060243
0.059275
0.061544
0.057735
0.054867
0.057393
0.057032
0.055005
0.055744
0.057639
0.054331
0.057757
0.052690
0.053124
0.050325
0.050429
0.052417
0.053523
0.050283
0.050605
0.052123
0.055441
0.060179
0.056403
0.055384
0.054855
0.054816
0.051340
0.051202
0.051019
0.051172
0.052027
0.051774
0.048714
0.052521
0.053532
0.052316
0.050642
0.051216
0.051202
0.049347
0.047962
0.050367
0.049697
0.045212
0.046386
0.051301
0.046153
0.045948
0.045225
0.048935
0.047531
0.044234
0.045749
0.042516
0.042927
0.045696
0.045358
0.044450
0.044240
0.044669
0.041304
0.052881
0.053582
0.052171
0.052964
0.051719
0.052208
0.044930
0.045280
0.042969
0.043436
0.045084
0.041542
0.041482
0.042355
0.041042
0.041824
0.036697
0.040643
0.041360
0.037245
0.042340
0.039175
0.039263
0.038861
0.039125
0.038108
0.038220
0.035749
0.037275
0.033779
0.035039
0.033608
0.036495
0.037295
0.039132
0.040842
0.039786
0.037531
0.037169
0.035201
0.032253
0.032733
0.035246
0.031682
0.037456
0.036361
0.033330
0.036362
0.033370
0.029166
0.030569
0.034965
0.030356
0.028881
0.029961
0.029186
0.027756
0.029765
0.029859
0.028150
0.027544
0.027242
0.029090
0.025568
0.029067
0.030415
0.027900
0.026254
0.029971
0.030461
0.030933
0.027109
0.031231
0.029525
0.029534
0.031184
0.029134
0.028800
