0.526580
0.131747
0.062595
0.062712
0.062712
0.062712
0.062712
0.062712
0.062712
0.062712
0.062712
0.062712
0.062712
0.062712
0.062712
0.062712
0.062712
0.062712
0.062712
0.062712
0.062712
0.062712
0.062712
0.062712
0.062712
0.062712
0.062712
0.062712
0.062712
0.062712
0.062712
0.062712
0.062712
0.062712
0.062712
0.062712
0.062712
0.062712
0.062712
0.062712
0.062712
0.062712
0.062712
0.062712
0.062712
0.062712
0.062712
0.062712
0.062712
0.062712
0.062712
0.061894
0.062130
0.061075
0.060240
0.059919
0.060851
0.060755
0.060722
0.060661
0.059372
0.060950
0.060044
0.060209
0.059386
0.059525
0.057935
0.059520
0.058949
0.059133
0.058499
0.059019
0.056669
0.060072
0.061272
0.060166
0.060728
0.059566
0.058153
0.059209
0.058529
0.059250
0.057747
0.058123
0.058126
0.059089
0.059294
0.057835
0.059015
0.059018
0.059433
0.058151
0.057831
0.057840
0.057160
0.057757
0.058279
0.057662
0.058200
0.058033
0.058119
0.056640
0.058126
0.059469
0.057943
0.057614
0.057237
0.057768
0.057752
0.056803
0.057883
0.058158
0.057550
0.056488
0.057014
0.057271
0.057615
0.057854
0.057410
0.057983
0.056004
0.057164
0.056218
0.056710
0.057021
0.057434
0.057368
0.055082
0.056450
0.056605
0.055406
0.057020
0.057607
0.057126
0.056663
0.055138
0.059860
0.056555
0.059170
0.059081
0.057226
0.058047
0.057530
0.057369
0.056081
0.056414
0.057525
0.055554
0.054221
0.056350
