0.200000
0.240000
0.190000
0.170000
0.170000
0.200000
0.265000
0.250000
0.265000
0.280000
0.280000
0.265000
0.280000
0.300000
0.300000
0.285000
0.285000
0.295000
0.300000
0.310000
0.290000
0.310000
0.320000
0.300000
0.305000
0.325000
0.315000
0.325000
0.320000
0.320000
0.325000
0.325000
0.330000
0.325000
0.325000
0.325000
0.335000
0.330000
0.335000
0.320000
0.340000
0.335000
0.315000
0.330000
0.320000
0.335000
0.335000
0.335000
0.325000
0.335000
0.315000
0.330000
0.335000
0.330000
0.335000
0.335000
0.335000
0.335000
0.325000
0.330000
0.335000
0.330000
0.335000
0.335000
0.335000
0.335000
0.335000
0.335000
0.330000
0.335000
0.335000
0.335000
0.335000
0.345000
0.325000
0.340000
0.330000
0.325000
0.340000
0.325000
0.340000
0.340000
0.345000
0.345000
0.340000
0.340000
0.345000
0.345000
0.340000
0.345000
0.345000
0.345000
0.345000
0.345000
0.345000
0.345000
0.345000
0.345000
0.345000
0.345000
0.345000
0.345000
0.345000
0.345000
0.345000
0.345000
0.420000
0.445000
0.465000
0.460000
0.315000
0.320000
0.315000
0.360000
0.500000
0.595000
0.620000
0.580000
0.610000
0.625000
0.620000
0.615000
0.620000
0.520000
0.635000
0.515000
0.640000
0.655000
0.640000
0.620000
0.635000
0.530000
0.590000
0.660000
0.610000
0.645000
0.600000
0.645000
0.620000
0.660000
0.715000
0.740000
0.715000
0.740000
0.755000
0.745000
0.760000
0.730000
0.720000
0.760000
