0.190898
0.061054
0.059855
0.062712
0.062712
0.062712
0.062712
0.062712
0.062712
0.062712
0.062712
0.062595
0.062208
0.061973
0.061114
0.061745
0.061038
0.060248
0.060668
0.061139
0.057046
0.054009
0.055644
0.054268
0.054285
0.053422
0.051076
0.051604
0.052594
0.051681
0.050102
0.050372
0.050040
0.048908
0.050530
0.047204
0.053148
0.053409
0.050516
0.046042
0.045344
0.048058
0.046038
0.045888
0.046847
0.048410
0.043740
0.045064
0.043600
0.042379
0.042320
0.043910
0.043992
0.042344
0.041508
0.045343
0.042024
0.041941
0.043756
0.042426
0.043497
0.052436
0.052095
0.052975
0.052247
0.051304
0.053829
0.050498
0.053844
0.051824
0.053583
0.051862
0.053522
0.053544
0.052675
0.052685
0.051850
0.052674
0.053549
0.051012
0.052680
0.051837
0.052682
0.052674
0.052664
0.051829
0.051834
0.052685
0.053496
0.053558
0.049109
0.050221
0.051368
0.050710
0.045048
0.040509
0.044663
0.042821
0.044156
0.042798
0.042463
0.043686
0.042439
0.041754
0.042313
0.042097
0.042991
0.041249
0.040100
0.041024
0.041100
0.040560
0.043212
0.041041
0.041819
0.041892
0.041824
0.041342
0.039707
0.043274
0.041957
0.041915
0.041471
0.039083
0.041084
0.038922
0.040971
0.043069
0.040802
0.040689
0.039877
0.039763
0.041509
0.040461
0.041479
0.042158
0.041406
0.039676
0.039618
0.038827
0.041352
0.039616
0.041302
0.038798
0.041321
0.041267
0.040397
0.040426
0.037024
0.039538
