0.113959
0.063292
0.062712
0.062712
0.062712
0.062712
0.062712
0.062712
0.062712
0.062712
0.062712
0.062712
0.062712
0.062712
0.062712
0.062712
0.062712
0.062712
0.062712
0.062712
0.062712
0.062712
0.062712
0.062712
0.062712
0.062712
0.062712
0.062712
0.062712
0.062712
0.062712
0.062712
0.062712
0.062712
0.062712
0.062712
0.062712
0.062712
0.062712
0.062712
0.062712
0.062712
0.062712
0.062712
0.062712
0.062712
0.062712
0.062712
0.062712
0.062712
0.062712
0.062712
0.062712
0.062712
0.062712
0.062712
0.062712
0.062712
0.062712
0.062712
0.062712
0.062712
0.062712
0.062712
0.062712
0.062712
0.062712
0.062712
0.062712
0.062712
0.062712
0.062712
0.062712
0.062712
0.062712
0.062712
0.062712
0.062712
0.062712
0.062712
0.062712
0.062712
0.062712
0.062712
0.062712
0.062712
0.062712
0.062712
0.062712
0.062712
0.062712
0.062712
0.062712
0.062712
0.062712
0.062712
0.062712
0.062712
0.062712
0.062712
0.062712
0.062712
0.062712
0.062712
0.062712
0.062712
0.062712
0.062712
0.062712
0.062712
0.062712
0.062712
0.062712
0.062712
0.062712
0.062712
0.062712
0.062712
0.062712
0.062712
0.062712
0.062712
0.062712
0.062712
0.062712
0.062712
0.062712
0.062712
0.062712
0.062712
0.062712
0.062712
0.062712
0.062712
0.062712
0.062712
0.062712
0.062712
0.062712
0.062712
0.062712
0.062712
0.062712
0.062712
0.062712
0.062712
0.062712
0.062712
0.062712
0.062712
