0.332875
0.162700
0.063888
0.061005
0.061340
0.062404
0.062707
0.056515
0.055727
0.053291
0.052786
0.053115
0.051726
0.051808
0.054941
0.060144
0.060916
0.059413
0.058979
0.060214
0.059522
0.059332
0.059887
0.059296
0.057244
0.058752
0.058016
0.057150
0.058068
0.057082
0.057915
0.057809
0.058313
0.057176
0.057086
0.056920
0.057391
0.057033
0.056637
0.056091
0.055948
0.055822
0.053597
0.049145
0.046914
0.045795
0.046511
0.048736
0.045876
0.047068
0.048609
0.046776
0.046704
0.045423
0.046151
0.046819
0.045441
0.044368
0.046338
0.046678
0.046646
0.046930
0.045724
0.046418
0.041855
0.044273
0.044175
0.046041
0.045608
0.045020
0.044049
0.045555
0.042693
0.045409
0.044941
0.044396
0.046464
0.046855
0.046013
0.044248
0.045223
0.045872
0.043751
0.044056
0.044564
0.043965
0.042660
0.044143
0.044819
0.042978
0.042331
0.043772
0.043098
0.042790
0.043872
0.042782
0.044597
0.042800
0.042213
0.043425
0.041805
0.044159
0.043029
0.041876
0.043146
0.043986
0.040253
0.039349
0.039556
0.041860
0.045527
0.042981
0.045456
0.042997
0.038810
0.037500
0.035052
0.035912
0.032877
0.034136
0.032905
0.030786
0.034274
0.035004
0.034491
0.036742
0.031634
0.033424
0.034148
0.031663
0.032099
0.033886
0.031321
0.031470
0.032763
0.028413
0.030972
0.030851
0.031680
0.030107
0.027287
0.025532
0.025368
0.023961
0.023808
0.025035
0.025507
0.024407
0.023876
0.022801
