0.180000
0.205000
0.285000
0.280000
0.250000
0.275000
0.275000
0.255000
0.305000
0.290000
0.310000
0.290000
0.300000
0.295000
0.305000
0.315000
0.290000
0.280000
0.325000
0.275000
0.275000
0.305000
0.275000
0.315000
0.305000
0.325000
0.310000
0.335000
0.330000
0.305000
0.330000
0.300000
0.330000
0.300000
0.335000
0.315000
0.335000
0.295000
0.330000
0.315000
0.330000
0.330000
0.335000
0.325000
0.335000
0.335000
0.330000
0.335000
0.315000
0.335000
0.325000
0.340000
0.335000
0.330000
0.335000
0.340000
0.340000
0.325000
0.340000
0.340000
0.340000
0.340000
0.340000
0.340000
0.340000
0.340000
0.340000
0.340000
0.340000
0.340000
0.340000
0.340000
0.340000
0.340000
0.340000
0.340000
0.340000
0.340000
0.340000
0.340000
0.340000
0.340000
0.340000
0.340000
0.340000
0.340000
0.340000
0.340000
0.340000
0.340000
0.340000
0.340000
0.340000
0.340000
0.340000
0.340000
0.340000
0.340000
0.340000
0.340000
0.340000
0.340000
0.340000
0.340000
0.340000
0.340000
0.340000
0.340000
0.340000
0.340000
0.340000
0.340000
0.370000
0.370000
0.290000
0.330000
0.340000
0.335000
0.325000
0.335000
0.340000
0.340000
0.340000
0.340000
0.340000
0.325000
0.285000
0.340000
0.335000
0.335000
0.335000
0.340000
0.340000
0.340000
0.340000
0.340000
0.340000
0.340000
0.340000
0.340000
0.340000
0.340000
0.340000
0.340000
0.340000
0.340000
0.340000
0.340000
0.340000
0.340000
