0.180000
0.240000
0.225000
0.165000
0.160000
0.190000
0.270000
0.255000
0.160000
0.160000
0.160000
0.160000
0.160000
0.160000
0.160000
0.160000
0.160000
0.160000
0.160000
0.160000
0.160000
0.160000
0.160000
0.160000
0.160000
0.160000
0.160000
0.160000
0.175000
0.290000
0.305000
0.305000
0.295000
0.300000
0.315000
0.325000
0.325000
0.325000
0.325000
0.325000
0.320000
0.315000
0.320000
0.325000
0.325000
0.325000
0.325000
0.325000
0.325000
0.325000
0.325000
0.330000
0.330000
0.330000
0.305000
0.220000
0.160000
0.160000
0.160000
0.160000
0.160000
0.160000
0.160000
0.160000
0.160000
0.160000
0.160000
0.160000
0.160000
0.160000
0.160000
0.160000
0.160000
0.160000
0.160000
0.160000
0.160000
0.160000
0.160000
0.160000
0.160000
0.160000
0.160000
0.160000
0.160000
0.160000
0.160000
0.160000
0.160000
0.160000
0.160000
0.160000
0.160000
0.160000
0.160000
0.160000
0.160000
0.160000
0.160000
0.160000
0.160000
0.160000
0.160000
0.160000
0.160000
0.160000
0.160000
0.160000
0.160000
0.160000
0.160000
0.160000
0.160000
0.160000
0.160000
0.160000
0.160000
0.160000
0.160000
0.160000
0.160000
0.160000
0.160000
0.160000
0.160000
0.160000
0.160000
0.160000
0.160000
0.160000
0.160000
0.160000
0.160000
0.160000
0.160000
0.160000
0.160000
0.160000
0.160000
0.160000
0.160000
0.160000
0.160000
0.160000
0.160000
0.160000
0.160000
0.160000
0.160000
0.160000
