0.117190
0.061903
0.062184
0.062595
0.062712
0.062552
0.059828
0.059981
0.062712
0.062712
0.062712
0.062712
0.062712
0.062712
0.062712
0.062712
0.062712
0.062712
0.062712
0.062712
0.062712
0.062712
0.062712
0.062712
0.062712
0.062712
0.062712
0.062712
0.061957
0.057439
0.054699
0.056677
0.057074
0.057166
0.054180
0.055229
0.053380
0.054204
0.054088
0.054455
0.054895
0.055304
0.053505
0.053545
0.053841
0.053729
0.051855
0.054109
0.051803
0.053315
0.051685
0.053962
0.052997
0.053934
0.054691
0.062940
0.062712
0.062712
0.062712
0.062712
0.062712
0.062712
0.062712
0.062712
0.062712
0.062712
0.062712
0.062712
0.062712
0.062712
0.062712
0.062712
0.062712
0.062712
0.062712
0.062712
0.062712
0.062712
0.062712
0.062712
0.062712
0.062712
0.062712
0.062712
0.062712
0.062712
0.062712
0.062712
0.062712
0.062712
0.062712
0.062712
0.062712
0.062712
0.062712
0.062712
0.062712
0.062712
0.062712
0.062712
0.062712
0.062712
0.062712
0.062712
0.062712
0.062712
0.062712
0.062712
0.062712
0.062712
0.062712
0.062712
0.062712
0.062712
0.062712
0.062712
0.062712
0.062712
0.062712
0.062712
0.062712
0.062712
0.062712
0.062712
0.062712
0.062712
0.062712
0.062712
0.062712
0.062712
0.062712
0.062712
0.062712
0.062712
0.062712
0.062712
0.062712
0.062712
0.062712
0.062712
0.062712
0.062712
0.062712
0.062712
0.062712
0.062712
0.062712
0.062712
0.062712
0.062712
