0.409281
0.106840
0.061687
0.061939
0.061353
0.062390
0.060296
0.060973
0.058896
0.058619
0.059355
0.059477
0.058147
0.058503
0.059334
0.056211
0.058565
0.055411
0.054130
0.052069
0.051423
0.050645
0.051414
0.049243
0.048605
0.049995
0.046871
0.046780
0.047190
0.047642
0.049362
0.048427
0.048983
0.049201
0.047630
0.048210
0.046025
0.046551
0.047384
0.046518
0.047676
0.045327
0.048041
0.047134
0.044197
0.044144
0.044948
0.046665
0.046158
0.045157
0.045971
0.045484
0.044348
0.043616
0.043954
0.045172
0.045041
0.044688
0.044823
0.044103
0.044482
0.045239
0.044367
0.045360
0.041892
0.042293
0.044110
0.044286
0.043998
0.043859
0.044417
0.044119
0.041074
0.043425
0.042636
0.042079
0.043810
0.044586
0.045325
0.042823
0.043544
0.044212
0.042786
0.043239
0.043125
0.043654
0.041394
0.043068
0.043428
0.042142
0.042169
0.042262
0.042125
0.042151
0.042800
0.042218
0.043640
0.042943
0.041231
0.042023
0.041978
0.044371
0.043455
0.041289
0.041983
0.043677
0.041090
0.041210
0.039681
0.042729
0.043477
0.041575
0.041715
0.054304
0.049808
0.047299
0.045198
0.045714
0.046288
0.045649
0.042879
0.041844
0.044850
0.044304
0.045470
0.046483
0.049809
0.044681
0.047626
0.042284
0.043850
0.044120
0.042541
0.044578
0.042290
0.040744
0.043103
0.042535
0.044500
0.042778
0.041195
0.042625
0.042148
0.042616
0.042979
0.042848
0.042589
0.042589
0.041683
0.040807
