0.177400
0.066435
0.062712
0.062712
0.062712
0.062712
0.062712
0.062712
0.062712
0.062712
0.062712
0.062712
0.062712
0.062712
0.062712
0.062712
0.062712
0.062712
0.062712
0.062712
0.062712
0.062712
0.062712
0.062712
0.062712
0.062751
0.062712
0.062712
0.062712
0.062712
0.062435
0.062476
0.062446
0.061549
0.061997
0.062162
0.062670
0.063153
0.061261
0.059924
0.061373
0.060958
0.060494
0.060573
0.059645
0.059445
0.058895
0.057793
0.058135
0.057690
0.057801
0.058783
0.057546
0.058194
0.055337
0.057150
0.057780
0.057348
0.058175
0.057716
0.058684
0.056626
0.054377
0.055410
0.056209
0.057825
0.057143
0.057181
0.055379
0.054985
0.056441
0.054420
0.054069
0.054334
0.054476
0.053837
0.054778
0.054355
0.055175
0.054377
0.055859
0.052532
0.054040
0.053583
0.053599
0.055265
0.062466
0.062712
0.062712
0.062712
0.062712
0.062712
0.062712
0.062712
0.062712
0.062712
0.062712
0.062712
0.062712
0.062712
0.062712
0.062712
0.062712
0.062712
0.062712
0.062712
0.062712
0.062712
0.062712
0.062712
0.062712
0.062712
0.062712
0.062712
0.062712
0.062712
0.062712
0.062712
0.062712
0.062712
0.062712
0.062712
0.062712
0.062712
0.062712
0.062712
0.062712
0.062712
0.062712
0.062180
0.062374
0.061426
0.060844
0.058932
0.055221
0.056956
0.055687
0.053721
0.052686
0.055188
0.056207
0.062712
0.062712
0.062712
0.062712
0.062712
0.062712
0.062712
0.062712
0.062712
