0.210000
0.220000
0.180000
0.180000
0.180000
0.180000
0.180000
0.180000
0.180000
0.180000
0.180000
0.180000
0.180000
0.180000
0.180000
0.180000
0.180000
0.180000
0.180000
0.180000
0.180000
0.180000
0.180000
0.180000
0.180000
0.180000
0.180000
0.180000
0.180000
0.180000
0.180000
0.180000
0.180000
0.180000
0.180000
0.180000
0.180000
0.180000
0.180000
0.180000
0.180000
0.180000
0.180000
0.180000
0.180000
0.180000
0.180000
0.180000
0.180000
0.180000
0.180000
0.180000
0.180000
0.180000
0.180000
0.180000
0.180000
0.180000
0.180000
0.180000
0.180000
0.180000
0.180000
0.180000
0.180000
0.180000
0.180000
0.180000
0.180000
0.180000
0.180000
0.180000
0.180000
0.180000
0.180000
0.180000
0.180000
0.180000
0.180000
0.180000
0.180000
0.180000
0.180000
0.180000
0.180000
0.180000
0.180000
0.180000
0.180000
0.180000
0.180000
0.180000
0.180000
0.180000
0.180000
0.180000
0.180000
0.180000
0.180000
0.180000
0.180000
0.275000
0.180000
0.180000
0.180000
0.180000
0.180000
0.180000
0.180000
0.180000
0.180000
0.180000
0.180000
0.180000
0.180000
0.180000
0.180000
0.180000
0.180000
0.180000
0.180000
0.180000
0.180000
0.180000
0.180000
0.180000
0.180000
0.180000
0.180000
0.180000
0.180000
0.180000
0.180000
0.180000
0.180000
0.180000
0.180000
0.180000
0.180000
0.180000
0.180000
0.180000
0.180000
0.180000
0.180000
0.180000
0.180000
0.180000
0.180000
0.180000
