0.165000
0.145000
0.145000
0.145000
0.145000
0.145000
0.145000
0.145000
0.145000
0.145000
0.145000
0.145000
0.145000
0.145000
0.145000
0.145000
0.145000
0.145000
0.145000
0.145000
0.145000
0.145000
0.145000
0.145000
0.145000
0.150000
0.190000
0.145000
0.145000
0.145000
0.145000
0.145000
0.145000
0.145000
0.145000
0.145000
0.145000
0.145000
0.145000
0.145000
0.145000
0.145000
0.145000
0.145000
0.145000
0.145000
0.145000
0.145000
0.145000
0.145000
0.145000
0.145000
0.145000
0.145000
0.145000
0.145000
0.145000
0.145000
0.145000
0.145000
0.145000
0.145000
0.145000
0.145000
0.145000
0.145000
0.145000
0.150000
0.150000
0.145000
0.145000
0.145000
0.145000
0.145000
0.145000
0.145000
0.145000
0.145000
0.145000
0.145000
0.145000
0.145000
0.145000
0.145000
0.145000
0.145000
0.145000
0.145000
0.145000
0.145000
0.145000
0.145000
0.145000
0.145000
0.145000
0.145000
0.145000
0.145000
0.145000
0.145000
0.145000
0.145000
0.145000
0.145000
0.145000
0.145000
0.145000
0.145000
0.145000
0.145000
0.145000
0.145000
0.145000
0.145000
0.145000
0.145000
0.145000
0.145000
0.145000
0.145000
0.145000
0.145000
0.145000
0.145000
0.145000
0.145000
0.145000
0.145000
0.145000
0.145000
0.145000
0.145000
0.145000
0.145000
0.145000
0.145000
0.145000
0.145000
0.145000
0.145000
0.145000
0.145000
0.145000
0.145000
0.145000
0.145000
0.145000
0.145000
0.145000
0.145000
