0.135000
0.175000
0.190000
0.185000
0.210000
0.200000
0.230000
0.215000
0.255000
0.250000
0.265000
0.290000
0.250000
0.305000
0.285000
0.305000
0.305000
0.350000
0.355000
0.330000
0.250000
0.325000
0.350000
0.355000
0.370000
0.365000
0.345000
0.385000
0.380000
0.385000
0.405000
0.290000
0.245000
0.265000
0.280000
0.280000
0.285000
0.290000
0.290000
0.295000
0.300000
0.295000
0.305000
0.305000
0.315000
0.305000
0.315000
0.315000
0.310000
0.315000
0.310000
0.325000
0.320000
0.320000
0.325000
0.320000
0.320000
0.325000
0.320000
0.325000
0.325000
0.325000
0.325000
0.325000
0.325000
0.330000
0.330000
0.330000
0.330000
0.330000
0.325000
0.330000
0.330000
0.330000
0.330000
0.330000
0.330000
0.330000
0.330000
0.330000
0.325000
0.330000
0.330000
0.320000
0.310000
0.320000
0.320000
0.325000
0.320000
0.325000
0.330000
0.325000
0.325000
0.325000
0.330000
0.330000
0.330000
0.330000
0.330000
0.330000
0.330000
0.330000
0.325000
0.330000
0.330000
0.330000
0.330000
0.330000
0.330000
0.330000
0.330000
0.330000
0.330000
0.330000
0.330000
0.330000
0.330000
0.325000
0.330000
0.330000
0.330000
0.325000
0.325000
0.330000
0.320000
0.325000
0.330000
0.325000
0.330000
0.330000
0.330000
0.330000
0.330000
0.330000
0.330000
0.330000
0.330000
0.330000
0.330000
0.330000
0.330000
0.330000
0.330000
0.330000
0.330000
0.330000
0.330000
0.330000
0.330000
0.330000
