0.186261
0.064157
0.062712
0.062712
0.062712
0.062712
0.062712
0.062712
0.062712
0.062712
0.062712
0.062712
0.062712
0.062712
0.062712
0.062712
0.062712
0.062712
0.062712
0.062712
0.062712
0.062712
0.062712
0.062712
0.062712
0.062712
0.062712
0.062712
0.062712
0.061856
0.061780
0.061583
0.061389
0.060800
0.061264
0.061061
0.061220
0.060546
0.061179
0.059859
0.059683
0.060373
0.059632
0.059358
0.059892
0.059211
0.058089
0.058592
0.057296
0.056836
0.059936
0.059166
0.055736
0.055417
0.057694
0.055876
0.056700
0.056371
0.056941
0.057270
0.055415
0.053569
0.053032
0.058264
0.056647
0.056544
0.055137
0.057320
0.058099
0.054924
0.055285
0.051573
0.052007
0.052587
0.050850
0.051448
0.051304
0.050360
0.051207
0.048844
0.050120
0.048189
0.050319
0.048293
0.049854
0.047897
0.046799
0.048655
0.045290
0.043328
0.048143
0.046377
0.045792
0.044688
0.044366
0.043781
0.045406
0.045028
0.045955
0.041657
0.043154
0.042871
0.045172
0.043787
0.044299
0.046098
0.043716
0.044561
0.043928
0.045117
0.042267
0.043228
0.043757
0.044081
0.044985
0.042576
0.043834
0.044021
0.042568
0.045548
0.043558
0.043032
0.041209
0.043137
0.044367
0.042749
0.042782
0.041676
0.043427
0.042576
0.040702
0.041956
0.045533
0.044721
0.045318
0.041996
0.043197
0.042345
0.044672
0.041262
0.041705
0.041692
0.041133
0.041721
0.042017
0.042034
0.042773
0.041003
0.042121
0.039835
