0.122915
0.062712
0.062558
0.062089
0.061772
0.062712
0.062712
0.062712
0.062712
0.062712
0.062712
0.062712
0.062712
0.062712
0.062712
0.062712
0.062712
0.062712
0.062712
0.062712
0.062712
0.062712
0.062712
0.062712
0.062712
0.062712
0.062712
0.062712
0.062712
0.062712
0.062712
0.062712
0.062712
0.062712
0.062712
0.062712
0.062712
0.062712
0.062712
0.062712
0.062712
0.062712
0.062712
0.062712
0.062712
0.062712
0.062712
0.062712
0.062712
0.062712
0.062712
0.062712
0.062712
0.062712
0.062712
0.062712
0.062712
0.062712
0.062712
0.062712
0.062712
0.062712
0.062712
0.062712
0.062712
0.062712
0.062712
0.062712
0.062712
0.062712
0.062752
0.062478
0.061660
0.060754
0.060900
0.061055
0.060695
0.059862
0.060061
0.059584
0.059233
0.060329
0.059353
0.059670
0.058235
0.057681
0.059171
0.056506
0.057736
0.059030
0.062150
0.062196
0.060403
0.056725
0.059697
0.059929
0.058812
0.056313
0.055931
0.057095
0.055331
0.056664
0.056805
0.056394
0.055039
0.056171
0.055205
0.053942
0.054369
0.054854
0.054579
0.054695
0.054297
0.053417
0.055009
0.053275
0.053275
0.054721
0.054906
0.053863
0.053938
0.054625
0.053923
0.053224
0.053829
0.054663
0.054497
0.053735
0.054581
0.054485
0.054570
0.052062
0.053584
0.054542
0.054431
0.054443
0.052753
0.052719
0.051972
0.052704
0.053598
0.053468
0.053456
0.053517
0.054249
0.053418
0.052583
0.054225
0.053424
0.054221
