0.328957
0.067164
0.062629
0.062889
0.061851
0.062234
0.061695
0.062015
0.061586
0.061502
0.060706
0.060275
0.061481
0.061159
0.060983
0.059721
0.059299
0.059632
0.058286
0.061016
0.060867
0.058784
0.059204
0.057630
0.058335
0.057376
0.057275
0.056460
0.057089
0.056068
0.057096
0.060145
0.060732
0.060451
0.059535
0.059677
0.059462
0.059266
0.058986
0.057127
0.057810
0.059197
0.058622
0.057012
0.057272
0.057217
0.056558
0.057653
0.057702
0.057205
0.056271
0.055893
0.056403
0.055855
0.056380
0.055579
0.054765
0.056298
0.055842
0.056157
0.055671
0.055210
0.055656
0.054535
0.055202
0.054986
0.054106
0.055136
0.054323
0.054431
0.055026
0.055547
0.053953
0.054267
0.054878
0.054451
0.055191
0.052391
0.054240
0.055853
0.054094
0.054986
0.055554
0.056868
0.056915
0.057516
0.056858
0.056709
0.056170
0.054853
0.054853
0.055451
0.053749
0.054437
0.054510
0.054310
0.053136
0.053413
0.053899
0.054923
0.053047
0.053034
0.053732
0.051494
0.054266
0.053887
0.054292
0.053070
0.053791
0.054535
0.053997
0.053799
0.053058
0.054279
0.052979
0.054181
0.052833
0.053343
0.053308
0.049423
0.047775
0.045510
0.047158
0.046998
0.045663
0.044192
0.043955
0.045613
0.043873
0.044086
0.045505
0.043339
0.044394
0.041925
0.043743
0.041867
0.043487
0.044034
0.043666
0.044041
0.043190
0.041484
0.043845
0.041276
0.042153
0.042905
0.044749
0.043644
0.042145
0.042809
