0.200000
0.150000
0.150000
0.150000
0.150000
0.150000
0.150000
0.150000
0.150000
0.150000
0.150000
0.150000
0.150000
0.150000
0.150000
0.150000
0.150000
0.150000
0.150000
0.150000
0.150000
0.150000
0.150000
0.150000
0.150000
0.150000
0.150000
0.150000
0.150000
0.150000
0.150000
0.150000
0.150000
0.150000
0.150000
0.150000
0.150000
0.150000
0.150000
0.150000
0.150000
0.150000
0.150000
0.150000
0.150000
0.150000
0.150000
0.150000
0.150000
0.150000
0.145000
0.150000
0.150000
0.150000
0.150000
0.150000
0.150000
0.150000
0.150000
0.150000
0.150000
0.150000
0.150000
0.165000
0.150000
0.150000
0.150000
0.150000
0.150000
0.150000
0.150000
0.150000
0.150000
0.165000
0.160000
0.200000
0.150000
0.150000
0.150000
0.150000
0.150000
0.150000
0.150000
0.150000
0.150000
0.150000
0.150000
0.150000
0.150000
0.150000
0.150000
0.150000
0.150000
0.150000
0.150000
0.150000
0.150000
0.150000
0.150000
0.150000
0.150000
0.150000
0.150000
0.150000
0.150000
0.150000
0.150000
0.150000
0.150000
0.150000
0.150000
0.150000
0.150000
0.150000
0.150000
0.150000
0.150000
0.150000
0.150000
0.150000
0.150000
0.150000
0.150000
0.150000
0.150000
0.150000
0.150000
0.150000
0.150000
0.150000
0.150000
0.150000
0.150000
0.150000
0.150000
0.150000
0.150000
0.150000
0.150000
0.150000
0.150000
0.150000
0.150000
0.150000
0.150000
0.150000
0.150000
0.150000
0.150000
0.150000
