0.180000
0.170000
0.170000
0.170000
0.170000
0.170000
0.170000
0.170000
0.170000
0.170000
0.170000
0.170000
0.170000
0.170000
0.170000
0.170000
0.170000
0.170000
0.170000
0.170000
0.170000
0.170000
0.170000
0.170000
0.170000
0.170000
0.170000
0.170000
0.170000
0.170000
0.170000
0.170000
0.170000
0.170000
0.170000
0.170000
0.170000
0.180000
0.170000
0.170000
0.170000
0.170000
0.170000
0.170000
0.170000
0.235000
0.225000
0.170000
0.170000
0.170000
0.170000
0.170000
0.170000
0.170000
0.170000
0.170000
0.170000
0.170000
0.170000
0.170000
0.170000
0.170000
0.170000
0.170000
0.170000
0.170000
0.170000
0.170000
0.170000
0.170000
0.170000
0.170000
0.170000
0.170000
0.170000
0.170000
0.170000
0.170000
0.170000
0.170000
0.170000
0.170000
0.170000
0.170000
0.170000
0.170000
0.170000
0.170000
0.170000
0.170000
0.170000
0.170000
0.170000
0.170000
0.170000
0.170000
0.170000
0.170000
0.170000
0.170000
0.170000
0.170000
0.170000
0.170000
0.170000
0.170000
0.170000
0.170000
0.170000
0.170000
0.170000
0.170000
0.170000
0.170000
0.170000
0.170000
0.170000
0.170000
0.170000
0.170000
0.170000
0.170000
0.170000
0.170000
0.170000
0.170000
0.170000
0.170000
0.170000
0.170000
0.170000
0.170000
0.170000
0.170000
0.170000
0.170000
0.170000
0.170000
0.170000
0.170000
0.170000
0.170000
0.170000
0.170000
0.170000
0.170000
0.170000
0.170000
0.170000
0.170000
