0.170000
0.240000
0.155000
0.160000
0.160000
0.160000
0.165000
0.160000
0.195000
0.195000
0.235000
0.210000
0.245000
0.235000
0.280000
0.265000
0.240000
0.295000
0.215000
0.305000
0.305000
0.305000
0.330000
0.325000
0.325000
0.310000
0.325000
0.330000
0.330000
0.330000
0.305000
0.175000
0.260000
0.320000
0.310000
0.325000
0.325000
0.330000
0.330000
0.330000
0.330000
0.330000
0.330000
0.330000
0.330000
0.330000
0.330000
0.330000
0.330000
0.330000
0.330000
0.330000
0.330000
0.330000
0.330000
0.330000
0.330000
0.330000
0.330000
0.330000
0.330000
0.330000
0.330000
0.330000
0.330000
0.330000
0.330000
0.330000
0.330000
0.330000
0.330000
0.330000
0.330000
0.330000
0.330000
0.330000
0.330000
0.330000
0.330000
0.330000
0.330000
0.330000
0.330000
0.330000
0.330000
0.330000
0.330000
0.330000
0.330000
0.330000
0.330000
0.330000
0.330000
0.330000
0.330000
0.330000
0.330000
0.330000
0.330000
0.330000
0.330000
0.330000
0.330000
0.330000
0.330000
0.330000
0.330000
0.330000
0.330000
0.330000
0.330000
0.330000
0.330000
0.330000
0.330000
0.330000
0.330000
0.330000
0.330000
0.330000
0.330000
0.330000
0.330000
0.330000
0.330000
0.330000
0.330000
0.330000
0.330000
0.330000
0.330000
0.330000
0.330000
0.330000
0.330000
0.330000
0.330000
0.330000
0.330000
0.330000
0.330000
0.330000
0.330000
0.330000
0.330000
0.330000
0.330000
0.330000
0.330000
0.330000
