0.175000
0.195000
0.175000
0.175000
0.175000
0.175000
0.175000
0.175000
0.175000
0.175000
0.175000
0.175000
0.175000
0.175000
0.175000
0.175000
0.175000
0.175000
0.175000
0.175000
0.175000
0.175000
0.175000
0.175000
0.175000
0.175000
0.175000
0.175000
0.175000
0.175000
0.175000
0.175000
0.175000
0.175000
0.175000
0.175000
0.175000
0.175000
0.175000
0.175000
0.175000
0.175000
0.175000
0.175000
0.175000
0.175000
0.175000
0.175000
0.175000
0.175000
0.175000
0.175000
0.175000
0.175000
0.175000
0.175000
0.175000
0.175000
0.175000
0.175000
0.175000
0.175000
0.175000
0.175000
0.175000
0.175000
0.175000
0.175000
0.180000
0.185000
0.180000
0.210000
0.245000
0.245000
0.230000
0.175000
0.175000
0.175000
0.175000
0.175000
0.175000
0.175000
0.175000
0.175000
0.175000
0.175000
0.175000
0.175000
0.175000
0.175000
0.175000
0.175000
0.175000
0.175000
0.175000
0.175000
0.175000
0.175000
0.175000
0.175000
0.180000
0.195000
0.195000
0.210000
0.240000
0.235000
0.245000
0.290000
0.310000
0.320000
0.330000
0.360000
0.370000
0.355000
0.375000
0.415000
0.410000
0.435000
0.310000
0.250000
0.275000
0.230000
0.310000
0.355000
0.410000
0.420000
0.445000
0.465000
0.460000
0.475000
0.480000
0.475000
0.475000
0.475000
0.490000
0.465000
0.480000
0.475000
0.490000
0.490000
0.500000
0.495000
0.500000
0.500000
0.510000
0.510000
0.510000
0.510000
0.510000
0.510000
