0.210801
0.062374
0.060335
0.056758
0.059208
0.062150
0.054442
0.053275
0.052417
0.050244
0.052656
0.052733
0.050782
0.051353
0.049895
0.052067
0.051092
0.050172
0.053225
0.051673
0.051902
0.051046
0.050582
0.052209
0.051696
0.048883
0.049152
0.051296
0.050640
0.050006
0.051045
0.052058
0.050319
0.051898
0.050040
0.050245
0.049923
0.051608
0.048633
0.049158
0.051444
0.050328
0.048477
0.046746
0.048902
0.049850
0.048384
0.050328
0.052617
0.053399
0.052349
0.052153
0.052861
0.052353
0.050725
0.052465
0.051493
0.051591
0.051292
0.052374
0.050501
0.051438
0.049652
0.051191
0.051079
0.051422
0.050944
0.050849
0.051972
0.052209
0.051993
0.051231
0.050776
0.051236
0.050197
0.048827
0.051016
0.051899
0.051114
0.050546
0.049590
0.051339
0.049492
0.048459
0.050801
0.049740
0.049653
0.049381
0.049367
0.049602
0.049392
0.049934
0.049824
0.049555
0.049658
0.049606
0.048266
0.048672
0.046975
0.048849
0.050056
0.047686
0.048357
0.046247
0.048013
0.049196
0.047742
0.046737
0.048670
0.047834
0.047863
0.047050
0.047539
0.046886
0.046348
0.047304
0.047580
0.047584
0.052182
0.051488
0.049759
0.049556
0.048691
0.047911
0.047143
0.048514
0.047169
0.048981
0.050731
0.047035
0.050421
0.047897
0.046469
0.047686
0.044014
0.044967
0.047070
0.045632
0.046114
0.044655
0.043970
0.044252
0.044797
0.043067
0.044454
0.042519
0.042442
0.043892
0.041176
0.042009
