0.182107
0.062615
0.061736
0.062196
0.062221
0.058550
0.059607
0.055745
0.055133
0.055969
0.054378
0.052748
0.052934
0.052808
0.054063
0.052310
0.052286
0.052305
0.052129
0.053489
0.052869
0.051119
0.053507
0.051838
0.052630
0.053409
0.051787
0.051663
0.052514
0.052497
0.051778
0.051687
0.052560
0.050865
0.053287
0.051638
0.053307
0.052542
0.051720
0.052414
0.052445
0.053294
0.051611
0.052417
0.051585
0.053101
0.051910
0.053258
0.051590
0.051622
0.049930
0.051573
0.051562
0.052427
0.052384
0.053262
0.050751
0.050697
0.053274
0.052386
0.052390
0.052388
0.051561
0.052400
0.051574
0.050694
0.053211
0.049899
0.053204
0.051632
0.053209
0.051591
0.053214
0.053208
0.051561
0.052377
0.051548
0.052374
0.053230
0.050694
0.052370
0.051554
0.052367
0.052365
0.052375
0.051529
0.051530
0.052368
0.053207
0.053204
0.049014
0.051526
0.052363
0.052368
0.052374
0.050703
0.051519
0.050694
0.051530
0.052364
0.053202
0.053209
0.053206
0.051525
0.053202
0.051521
0.052369
0.052361
0.051520
0.051530
0.052401
0.051532
0.053211
0.050683
0.051520
0.051525
0.053200
0.050681
0.051521
0.052359
0.052360
0.053199
0.053197
0.050690
0.051517
0.050680
0.052366
0.053195
0.051520
0.051530
0.053196
0.051515
0.051517
0.050679
0.052358
0.053197
0.052356
0.051516
0.050677
0.050676
0.053198
0.050679
0.052354
0.051516
0.053196
0.053195
0.052357
0.053197
0.048156
0.051516
