0.372071
0.083579
0.062404
0.062480
0.062042
0.062323
0.062166
0.061442
0.060232
0.056862
0.055990
0.057964
0.055166
0.052166
0.052945
0.052302
0.051417
0.052121
0.051979
0.049542
0.046630
0.049019
0.048048
0.046016
0.047956
0.046094
0.043486
0.044187
0.044527
0.047176
0.050287
0.053484
0.048184
0.045394
0.049007
0.046729
0.043790
0.041446
0.044186
0.043786
0.044378
0.044025
0.043733
0.042375
0.042740
0.042486
0.044600
0.045119
0.043706
0.042195
0.042919
0.043020
0.041709
0.042747
0.042480
0.043274
0.043111
0.041619
0.042563
0.042272
0.042244
0.043897
0.042484
0.041470
0.039810
0.043229
0.042752
0.043006
0.042901
0.042973
0.042520
0.043530
0.040504
0.042508
0.041682
0.043624
0.042487
0.042999
0.043899
0.042845
0.044526
0.042861
0.040260
0.041107
0.041972
0.042751
0.041098
0.043549
0.044422
0.040277
0.043537
0.041095
0.040266
0.040201
0.042797
0.041086
0.044371
0.041089
0.041872
0.044438
0.040994
0.041906
0.041851
0.040989
0.041891
0.041069
0.040983
0.041918
0.043467
0.043616
0.041829
0.042699
0.042731
0.041833
0.043490
0.041034
0.041811
0.043514
0.041823
0.042664
0.040965
0.041845
0.044315
0.041867
0.041817
0.042678
0.040968
0.042648
0.041835
0.041791
0.044374
0.042664
0.042657
0.042654
0.041808
0.042624
0.041839
0.042658
0.043641
0.042769
0.041782
0.041068
0.042623
0.041879
0.044290
0.043539
0.041774
0.042677
0.042615
0.042641
