0.171409
0.063755
0.062712
0.062712
0.062712
0.062712
0.062712
0.062712
0.062712
0.062712
0.062712
0.062712
0.062712
0.062712
0.062712
0.062712
0.062712
0.062712
0.062712
0.062712
0.062712
0.062712
0.062712
0.062712
0.062712
0.062712
0.062712
0.062712
0.062712
0.062712
0.062712
0.062712
0.062712
0.062712
0.062712
0.062712
0.062712
0.062712
0.062712
0.062712
0.062712
0.062712
0.062712
0.062712
0.062712
0.062712
0.062712
0.062712
0.062712
0.062712
0.062712
0.062712
0.062712
0.062712
0.062712
0.062712
0.062712
0.062712
0.062712
0.062712
0.062712
0.062712
0.062712
0.062712
0.062712
0.062712
0.062712
0.062712
0.062595
0.062596
0.062831
0.062326
0.061580
0.061022
0.062734
0.062712
0.062712
0.062712
0.062712
0.062712
0.062712
0.062712
0.062712
0.062712
0.062712
0.062712
0.062712
0.062712
0.062712
0.062712
0.062712
0.062712
0.062712
0.062712
0.062712
0.062751
0.062712
0.062712
0.062712
0.062712
0.062634
0.062281
0.061974
0.060575
0.060604
0.060726
0.060222
0.058205
0.057613
0.056638
0.057370
0.056134
0.056820
0.055113
0.054450
0.050579
0.051880
0.051407
0.058410
0.059905
0.059525
0.061090
0.055656
0.056742
0.052475
0.051710
0.049818
0.048103
0.048723
0.048417
0.046753
0.047222
0.045952
0.048361
0.046591
0.047410
0.047848
0.047117
0.045196
0.043750
0.044663
0.044984
0.045655
0.045389
0.044772
0.044661
0.043168
0.044135
0.043309
0.045010
