0.150000
0.145000
0.145000
0.145000
0.145000
0.145000
0.145000
0.145000
0.145000
0.145000
0.145000
0.145000
0.145000
0.150000
0.145000
0.195000
0.145000
0.145000
0.145000
0.145000
0.145000
0.145000
0.145000
0.145000
0.145000
0.145000
0.145000
0.145000
0.145000
0.150000
0.145000
0.145000
0.145000
0.145000
0.145000
0.145000
0.145000
0.145000
0.145000
0.145000
0.145000
0.145000
0.145000
0.145000
0.145000
0.145000
0.145000
0.145000
0.145000
0.145000
0.145000
0.145000
0.145000
0.145000
0.145000
0.145000
0.145000
0.145000
0.145000
0.145000
0.145000
0.145000
0.145000
0.145000
0.145000
0.145000
0.145000
0.145000
0.145000
0.145000
0.145000
0.145000
0.145000
0.145000
0.145000
0.145000
0.145000
0.145000
0.145000
0.145000
0.145000
0.145000
0.145000
0.145000
0.145000
0.145000
0.145000
0.145000
0.145000
0.145000
0.145000
0.145000
0.145000
0.145000
0.145000
0.145000
0.145000
0.145000
0.145000
0.145000
0.145000
0.145000
0.145000
0.145000
0.145000
0.145000
0.145000
0.145000
0.145000
0.145000
0.145000
0.145000
0.145000
0.145000
0.145000
0.145000
0.145000
0.145000
0.145000
0.145000
0.145000
0.145000
0.145000
0.145000
0.145000
0.145000
0.145000
0.145000
0.145000
0.145000
0.145000
0.145000
0.145000
0.145000
0.145000
0.145000
0.145000
0.145000
0.145000
0.145000
0.145000
0.145000
0.145000
0.145000
0.145000
0.145000
0.145000
0.145000
0.145000
0.145000
