0.450634
0.330548
0.298881
0.271603
0.297171
0.200388
0.163614
0.126806
0.098552
0.080573
0.062173
0.060725
0.059027
0.056555
0.059568
0.056244
0.059697
0.057164
0.054772
0.055408
0.052305
0.053131
0.052956
0.049287
0.052847
0.052637
0.050581
0.048476
0.046557
0.045941
0.047460
0.049076
0.046075
0.045639
0.045033
0.044667
0.046605
0.045094
0.042793
0.043946
0.044286
0.047179
0.045946
0.045839
0.045439
0.043346
0.046777
0.047709
0.052366
0.046662
0.044593
0.044161
0.047549
0.045719
0.043806
0.041893
0.043411
0.043421
0.045578
0.041541
0.042814
0.043507
0.044887
0.042788
0.044419
0.044487
0.044190
0.043235
0.041519
0.044769
0.045798
0.043603
0.043831
0.043353
0.043295
0.041532
0.041710
0.042390
0.045143
0.043521
0.043929
0.043137
0.043676
0.042148
0.042687
0.042132
0.041929
0.039880
0.042773
0.043089
0.044166
0.040647
0.041682
0.041459
0.043419
0.041304
0.041589
0.044480
0.042006
0.041129
0.042686
0.041695
0.042963
0.042588
0.040671
0.038677
0.043753
0.042827
0.044261
0.045573
0.042459
0.041892
0.042370
0.043644
0.041312
0.042411
0.043681
0.041299
0.041665
0.041510
0.041153
0.043352
0.042137
0.042602
0.042012
0.039945
0.040798
0.043208
0.043419
0.040882
0.042403
0.041609
0.040764
0.040725
0.040733
0.043146
0.043280
0.044019
0.043528
0.041431
0.040858
0.040571
0.043194
0.042213
0.042310
0.041501
0.042378
0.042393
0.043985
0.040733
