0.361587
0.244032
0.145952
0.101332
0.075582
0.063560
0.068192
0.057608
0.059107
0.060061
0.060380
0.056580
0.059286
0.060410
0.060317
0.059039
0.058282
0.060420
0.058743
0.060426
0.058151
0.059106
0.058371
0.059414
0.057944
0.059821
0.060547
0.060096
0.059609
0.057944
0.058927
0.057241
0.059717
0.058165
0.058170
0.057984
0.057632
0.058717
0.059262
0.057675
0.058495
0.056040
0.057405
0.058270
0.055594
0.055981
0.053117
0.052620
0.056377
0.055688
0.055921
0.055227
0.054472
0.054584
0.053661
0.051339
0.052663
0.053211
0.053912
0.050735
0.054991
0.052669
0.053722
0.050043
0.050711
0.053465
0.055304
0.052542
0.049895
0.051406
0.051593
0.052378
0.053788
0.051933
0.053119
0.051030
0.051484
0.051068
0.053396
0.055326
0.057351
0.055689
0.055108
0.058635
0.057060
0.053206
0.052415
0.049520
0.050592
0.048646
0.049301
0.049454
0.048060
0.052141
0.046125
0.045778
0.043516
0.044295
0.045426
0.043826
0.043985
0.045208
0.043305
0.042823
0.043905
0.046559
0.041816
0.047735
0.046775
0.042291
0.043240
0.042965
0.043283
0.042660
0.044507
0.044081
0.041026
0.039400
0.041248
0.041409
0.041472
0.051139
0.050713
0.046568
0.048470
0.046955
0.047167
0.044868
0.047945
0.048712
0.045889
0.049217
0.048440
0.048835
0.046043
0.045761
0.045643
0.043627
0.045150
0.043201
0.047131
0.044531
0.045524
0.044941
0.045268
0.044847
0.042034
0.045021
0.050766
0.049293
