0.208039
0.062555
0.062712
0.062712
0.062712
0.062712
0.062712
0.062712
0.062712
0.062712
0.062712
0.062712
0.062712
0.062712
0.062712
0.062712
0.062712
0.062712
0.062712
0.062712
0.062712
0.062712
0.062712
0.062712
0.062712
0.062712
0.062712
0.062712
0.062712
0.062712
0.062751
0.062712
0.062712
0.062712
0.062712
0.062712
0.062712
0.062712
0.062712
0.062712
0.062712
0.062712
0.062712
0.062595
0.062595
0.062244
0.062595
0.062595
0.062595
0.062595
0.062512
0.062512
0.062595
0.062512
0.062512
0.062512
0.062512
0.062664
0.062712
0.062712
0.062712
0.062712
0.062712
0.062712
0.062712
0.062712
0.062712
0.062712
0.062712
0.062712
0.062712
0.062595
0.062712
0.062595
0.062595
0.062595
0.062595
0.062595
0.062595
0.062595
0.062595
0.062595
0.062595
0.062595
0.062595
0.062595
0.062595
0.062595
0.062595
0.062595
0.062595
0.062595
0.062755
0.062595
0.062712
0.062712
0.062712
0.062712
0.062712
0.062712
0.062712
0.062712
0.062712
0.062712
0.062712
0.062712
0.062712
0.062712
0.062712
0.062712
0.062712
0.062712
0.062712
0.062712
0.062712
0.062712
0.062712
0.062712
0.062595
0.062595
0.062595
0.062595
0.062595
0.062595
0.062712
0.062595
0.062244
0.062595
0.062595
0.062595
0.062595
0.062595
0.062595
0.062595
0.062595
0.062595
0.062595
0.062595
0.062595
0.062595
0.062595
0.062595
0.062595
0.062244
0.062595
0.062595
0.062595
0.062595
0.062244
0.062595
