0.345603
0.071238
0.061973
0.061740
0.059832
0.060825
0.059619
0.060173
0.059098
0.058051
0.059734
0.058984
0.058452
0.058766
0.057555
0.059154
0.058647
0.058106
0.059429
0.059406
0.059360
0.057789
0.058662
0.057690
0.056959
0.058593
0.057627
0.057052
0.056653
0.056777
0.057331
0.058133
0.057169
0.057226
0.056485
0.055677
0.056428
0.056600
0.056701
0.054627
0.056389
0.055764
0.057749
0.057135
0.053620
0.053839
0.053576
0.058399
0.058837
0.058642
0.059473
0.058337
0.057577
0.056406
0.057262
0.056568
0.056405
0.055919
0.056506
0.054781
0.056707
0.055754
0.056669
0.056869
0.055979
0.055665
0.058918
0.062244
0.062712
0.062595
0.058049
0.057252
0.057976
0.056266
0.057085
0.054432
0.055570
0.056434
0.056071
0.054558
0.054755
0.055363
0.055756
0.056450
0.055764
0.054883
0.055183
0.055056
0.054671
0.055311
0.055098
0.055361
0.053840
0.054092
0.056024
0.055402
0.055007
0.054137
0.052930
0.052734
0.054177
0.054248
0.054345
0.054918
0.053048
0.054049
0.052877
0.052470
0.051658
0.052279
0.054367
0.053481
0.052759
0.051149
0.049359
0.051398
0.051921
0.052261
0.051554
0.051014
0.050859
0.047650
0.049779
0.049198
0.051709
0.050099
0.051489
0.048733
0.048725
0.047410
0.048798
0.050438
0.049581
0.048121
0.047476
0.046119
0.046147
0.048346
0.047746
0.047768
0.047212
0.051781
0.048683
0.052412
0.049691
0.049427
0.046835
0.046668
0.046767
0.043312
