0.293641
0.063711
0.063264
0.064349
0.062712
0.062712
0.062712
0.062712
0.062712
0.062712
0.062712
0.062712
0.062712
0.062712
0.062712
0.062712
0.062712
0.062712
0.062712
0.062712
0.062712
0.062712
0.062712
0.062712
0.062712
0.062712
0.062712
0.062712
0.062712
0.062869
0.062595
0.062595
0.062595
0.062597
0.062466
0.062127
0.062516
0.062613
0.062345
0.060824
0.060512
0.062595
0.062012
0.060546
0.060870
0.060216
0.060290
0.060875
0.060790
0.060116
0.059134
0.059203
0.058501
0.058187
0.059072
0.057321
0.058203
0.058013
0.058114
0.058507
0.057319
0.057598
0.056683
0.057034
0.059462
0.057752
0.057358
0.059247
0.055806
0.055661
0.057509
0.058327
0.056046
0.055338
0.055854
0.055676
0.056405
0.053756
0.055762
0.057018
0.056612
0.056213
0.056705
0.055627
0.055335
0.054134
0.054641
0.054722
0.055871
0.053791
0.054674
0.054809
0.053812
0.054409
0.054601
0.054458
0.053552
0.053292
0.054208
0.055560
0.053535
0.053186
0.053997
0.051893
0.054695
0.054185
0.054569
0.052856
0.053751
0.054494
0.053895
0.053907
0.052758
0.054442
0.052893
0.053653
0.052664
0.053410
0.053414
0.052738
0.050349
0.053363
0.052907
0.051710
0.052913
0.053588
0.054301
0.053850
0.055666
0.054023
0.054942
0.053437
0.054584
0.052582
0.053085
0.052967
0.054098
0.054160
0.053568
0.054293
0.053234
0.054037
0.053189
0.052465
0.053326
0.051606
0.054569
0.056363
0.062595
0.062712
