0.170000
0.170000
0.170000
0.170000
0.170000
0.170000
0.170000
0.170000
0.170000
0.170000
0.170000
0.180000
0.170000
0.170000
0.195000
0.215000
0.175000
0.170000
0.170000
0.200000
0.185000
0.185000
0.170000
0.170000
0.170000
0.170000
0.170000
0.170000
0.170000
0.170000
0.170000
0.170000
0.170000
0.170000
0.170000
0.190000
0.170000
0.170000
0.170000
0.170000
0.170000
0.170000
0.170000
0.170000
0.170000
0.170000
0.170000
0.170000
0.170000
0.170000
0.170000
0.170000
0.170000
0.170000
0.170000
0.170000
0.170000
0.170000
0.170000
0.170000
0.170000
0.170000
0.170000
0.170000
0.170000
0.170000
0.170000
0.170000
0.170000
0.170000
0.170000
0.170000
0.170000
0.170000
0.170000
0.170000
0.170000
0.170000
0.170000
0.170000
0.170000
0.170000
0.170000
0.170000
0.170000
0.170000
0.170000
0.170000
0.170000
0.170000
0.170000
0.170000
0.170000
0.170000
0.170000
0.170000
0.170000
0.170000
0.170000
0.170000
0.170000
0.170000
0.170000
0.170000
0.170000
0.170000
0.170000
0.170000
0.170000
0.170000
0.170000
0.170000
0.170000
0.165000
0.220000
0.170000
0.170000
0.170000
0.170000
0.170000
0.170000
0.170000
0.170000
0.170000
0.170000
0.170000
0.170000
0.170000
0.170000
0.170000
0.170000
0.170000
0.170000
0.170000
0.170000
0.170000
0.170000
0.170000
0.170000
0.170000
0.170000
0.170000
0.170000
0.170000
0.170000
0.170000
0.170000
0.170000
0.170000
0.170000
