0.295790
0.063117
0.062790
0.062712
0.062791
0.062793
0.062945
0.062670
0.062786
0.062284
0.062555
0.061858
0.062554
0.061936
0.062705
0.061817
0.060402
0.060980
0.060733
0.060456
0.059826
0.060081
0.060380
0.059736
0.059737
0.058872
0.058287
0.058485
0.059440
0.058901
0.058736
0.059167
0.058685
0.058745
0.057982
0.057810
0.057513
0.057345
0.056195
0.055573
0.056056
0.056786
0.058711
0.061009
0.060425
0.060518
0.058165
0.057873
0.057958
0.059674
0.055732
0.055675
0.056060
0.054917
0.056026
0.054093
0.053236
0.055241
0.054367
0.055183
0.054642
0.054897
0.054736
0.053508
0.054159
0.053972
0.052404
0.054090
0.053166
0.053160
0.053534
0.054701
0.053833
0.056333
0.057322
0.054936
0.054913
0.052055
0.053705
0.054690
0.053089
0.054507
0.054406
0.053748
0.053334
0.052511
0.052753
0.053101
0.053224
0.051805
0.053464
0.053033
0.052630
0.053002
0.053044
0.053028
0.052220
0.052089
0.052897
0.053802
0.052406
0.052252
0.052984
0.050554
0.053659
0.053066
0.053792
0.050572
0.054867
0.055350
0.052276
0.051210
0.051192
0.051131
0.049526
0.046376
0.048174
0.047395
0.048075
0.046837
0.044790
0.048251
0.046239
0.046966
0.044539
0.046219
0.047111
0.047361
0.048436
0.048081
0.047861
0.046131
0.046593
0.045316
0.045852
0.046027
0.046679
0.047850
0.050052
0.050998
0.049449
0.049843
0.046342
0.045822
0.047008
0.045882
0.047174
0.046560
0.045436
0.046664
