0.230414
0.062883
0.062517
0.059009
0.059482
0.060961
0.061044
0.062712
0.062712
0.062712
0.062712
0.062712
0.062712
0.062712
0.062751
0.059426
0.059291
0.058977
0.057312
0.057537
0.058100
0.054562
0.057589
0.054494
0.055798
0.056088
0.054842
0.054759
0.054884
0.053835
0.052951
0.053006
0.054112
0.052770
0.054566
0.053029
0.054249
0.053406
0.052421
0.053309
0.053207
0.054235
0.052330
0.053186
0.052381
0.053167
0.052286
0.053921
0.052509
0.052454
0.051880
0.053006
0.053280
0.052519
0.051723
0.053063
0.051230
0.051083
0.053034
0.053056
0.052438
0.052303
0.049562
0.050247
0.050443
0.048616
0.050537
0.048301
0.050437
0.050658
0.054118
0.053206
0.054069
0.053968
0.053136
0.053038
0.052235
0.053023
0.053828
0.051331
0.052984
0.052186
0.052989
0.053074
0.052952
0.052270
0.052101
0.052977
0.053809
0.053786
0.050472
0.052149
0.052994
0.052972
0.052959
0.051291
0.052111
0.051269
0.052109
0.052944
0.053778
0.053787
0.053774
0.052943
0.053785
0.052099
0.053777
0.052946
0.052109
0.052089
0.052938
0.052934
0.053772
0.051260
0.052098
0.052094
0.053774
0.052091
0.052097
0.052927
0.052931
0.053771
0.053769
0.051266
0.052922
0.051258
0.052919
0.053769
0.052085
0.052094
0.053763
0.052083
0.052085
0.051249
0.052925
0.053775
0.052919
0.052083
0.051244
0.051243
0.053758
0.052084
0.052952
0.052080
0.053764
0.053763
0.052918
0.053758
0.048722
0.052920
