0.388827
0.075117
0.062550
0.062559
0.062804
0.062250
0.061353
0.061292
0.059790
0.060047
0.061082
0.059981
0.058906
0.059784
0.058617
0.058532
0.059845
0.058879
0.059131
0.060654
0.058289
0.059122
0.058989
0.058582
0.057481
0.058737
0.058172
0.057364
0.058065
0.056597
0.057915
0.058240
0.058502
0.058513
0.057691
0.055797
0.057030
0.056945
0.056539
0.055332
0.056602
0.057522
0.058220
0.057733
0.055891
0.055038
0.056793
0.057918
0.059069
0.057776
0.058143
0.056414
0.056837
0.055126
0.055601
0.055374
0.055535
0.056182
0.055334
0.054418
0.055316
0.056048
0.056019
0.056200
0.055078
0.053328
0.054895
0.054931
0.054588
0.053595
0.055819
0.054960
0.054518
0.055194
0.055266
0.054522
0.056750
0.056105
0.056205
0.054584
0.054177
0.055407
0.055663
0.055248
0.055284
0.054296
0.054309
0.054718
0.053451
0.055039
0.053102
0.054530
0.052966
0.053294
0.053818
0.053763
0.053801
0.053685
0.053071
0.053145
0.053841
0.054570
0.053459
0.053253
0.052675
0.052901
0.051439
0.049299
0.047589
0.051874
0.048134
0.045977
0.046535
0.047286
0.046178
0.047697
0.046437
0.046715
0.045894
0.047987
0.043482
0.043418
0.046241
0.044316
0.045321
0.044098
0.045645
0.043171
0.045427
0.041414
0.043704
0.044583
0.043016
0.045289
0.043883
0.041360
0.043673
0.042872
0.045318
0.043728
0.042460
0.047359
0.043860
0.044724
0.043984
0.043505
0.044276
0.043717
0.042001
0.042887
