0.200000
0.185000
0.185000
0.185000
0.185000
0.185000
0.185000
0.185000
0.185000
0.185000
0.185000
0.185000
0.185000
0.185000
0.185000
0.185000
0.185000
0.250000
0.185000
0.185000
0.185000
0.185000
0.185000
0.185000
0.185000
0.185000
0.185000
0.185000
0.185000
0.185000
0.185000
0.185000
0.185000
0.185000
0.185000
0.185000
0.185000
0.185000
0.185000
0.185000
0.185000
0.185000
0.185000
0.185000
0.185000
0.185000
0.185000
0.185000
0.185000
0.185000
0.185000
0.185000
0.185000
0.185000
0.185000
0.185000
0.185000
0.185000
0.185000
0.185000
0.185000
0.185000
0.185000
0.185000
0.185000
0.185000
0.185000
0.185000
0.185000
0.185000
0.185000
0.185000
0.185000
0.185000
0.185000
0.185000
0.185000
0.185000
0.185000
0.185000
0.185000
0.185000
0.185000
0.185000
0.185000
0.185000
0.185000
0.185000
0.185000
0.185000
0.185000
0.185000
0.185000
0.185000
0.185000
0.185000
0.185000
0.185000
0.185000
0.185000
0.185000
0.185000
0.185000
0.185000
0.185000
0.185000
0.185000
0.185000
0.185000
0.185000
0.185000
0.185000
0.185000
0.185000
0.185000
0.185000
0.185000
0.185000
0.185000
0.185000
0.185000
0.185000
0.185000
0.185000
0.185000
0.185000
0.185000
0.185000
0.185000
0.185000
0.185000
0.185000
0.185000
0.185000
0.185000
0.185000
0.185000
0.185000
0.185000
0.185000
0.185000
0.185000
0.185000
0.185000
0.185000
0.185000
0.185000
0.185000
0.185000
0.185000
