0.219082
0.061846
0.062522
0.060347
0.059722
0.058614
0.055877
0.055154
0.054388
0.054683
0.054259
0.050048
0.052044
0.053791
0.051274
0.048847
0.047910
0.047914
0.046352
0.047230
0.047886
0.044577
0.046954
0.046213
0.046779
0.047367
0.044937
0.046939
0.046263
0.046154
0.045931
0.044827
0.045200
0.042993
0.045112
0.043005
0.045733
0.045792
0.044860
0.042764
0.042725
0.044811
0.043197
0.045798
0.043684
0.044719
0.042757
0.043638
0.043697
0.042891
0.042254
0.044181
0.042963
0.042119
0.041998
0.044490
0.042351
0.041568
0.043783
0.043116
0.043048
0.042356
0.039651
0.041280
0.042227
0.041314
0.043651
0.041221
0.042893
0.041071
0.044574
0.041146
0.042721
0.042790
0.041118
0.041855
0.041859
0.042692
0.043523
0.039358
0.043453
0.040220
0.042624
0.042660
0.042663
0.042653
0.041792
0.043481
0.042643
0.041808
0.039294
0.040946
0.041786
0.041807
0.041974
0.038471
0.042677
0.040216
0.042614
0.041819
0.043444
0.043499
0.042703
0.040939
0.042621
0.042631
0.043447
0.041889
0.040907
0.042642
0.041808
0.041758
0.042622
0.040951
0.042618
0.041782
0.042597
0.041761
0.040084
0.043426
0.043446
0.042591
0.041753
0.040066
0.041754
0.040103
0.041756
0.044261
0.041802
0.041732
0.040908
0.040929
0.042574
0.041741
0.042599
0.043436
0.042587
0.040906
0.040907
0.040064
0.042584
0.040901
0.042589
0.040071
0.042578
0.042583
0.041738
0.041735
0.038375
0.040895
