0.111390
0.062636
0.062712
0.062712
0.062712
0.062559
0.062234
0.061586
0.060776
0.060256
0.062361
0.061358
0.061477
0.061544
0.058352
0.059477
0.058169
0.057103
0.058031
0.057073
0.057024
0.056608
0.056540
0.056244
0.056061
0.055887
0.057559
0.054962
0.057286
0.055829
0.053315
0.055508
0.055523
0.055734
0.055841
0.057822
0.054011
0.055251
0.054582
0.055164
0.054459
0.054854
0.053499
0.054674
0.054304
0.053879
0.053301
0.053420
0.052042
0.053796
0.052152
0.054527
0.053897
0.053712
0.052255
0.053692
0.052970
0.054434
0.052912
0.052838
0.054442
0.052901
0.053630
0.052830
0.051133
0.052790
0.052027
0.054440
0.053635
0.052741
0.054435
0.054431
0.053585
0.054412
0.053633
0.054417
0.054415
0.054417
0.053581
0.051929
0.052850
0.054390
0.054437
0.054400
0.053560
0.053558
0.054404
0.053583
0.051051
0.054382
0.051052
0.053544
0.052728
0.052715
0.053549
0.054394
0.054384
0.052715
0.052715
0.054390
0.051878
0.054379
0.054386
0.054387
0.052704
0.054382
0.053646
0.052703
0.052722
0.053562
0.053531
0.053561
0.053529
0.052716
0.054374
0.052709
0.052716
0.054367
0.054391
0.052694
0.053535
0.054377
0.054379
0.053546
0.052681
0.054346
0.054353
0.053563
0.071022
0.060701
0.062035
0.060444
0.060228
0.059529
0.060702
0.062712
0.062712
0.062712
0.062712
0.062712
0.062712
0.062712
0.062712
0.062712
0.062712
0.062712
0.062712
0.062712
0.062712
0.062712
