0.185000
0.180000
0.160000
0.160000
0.160000
0.160000
0.160000
0.160000
0.160000
0.160000
0.160000
0.160000
0.160000
0.160000
0.160000
0.160000
0.160000
0.160000
0.160000
0.160000
0.160000
0.160000
0.160000
0.160000
0.160000
0.160000
0.160000
0.160000
0.160000
0.160000
0.160000
0.160000
0.160000
0.160000
0.160000
0.160000
0.160000
0.160000
0.160000
0.160000
0.160000
0.160000
0.160000
0.160000
0.160000
0.160000
0.160000
0.160000
0.160000
0.160000
0.160000
0.160000
0.160000
0.160000
0.160000
0.160000
0.160000
0.160000
0.160000
0.160000
0.160000
0.160000
0.160000
0.160000
0.160000
0.160000
0.160000
0.160000
0.160000
0.160000
0.160000
0.160000
0.160000
0.160000
0.160000
0.160000
0.160000
0.160000
0.160000
0.160000
0.160000
0.160000
0.160000
0.160000
0.160000
0.160000
0.160000
0.160000
0.160000
0.160000
0.160000
0.160000
0.160000
0.160000
0.160000
0.160000
0.160000
0.160000
0.160000
0.160000
0.160000
0.160000
0.160000
0.160000
0.160000
0.160000
0.160000
0.160000
0.160000
0.160000
0.160000
0.190000
0.170000
0.225000
0.160000
0.160000
0.160000
0.160000
0.160000
0.160000
0.160000
0.160000
0.160000
0.160000
0.160000
0.160000
0.160000
0.160000
0.160000
0.160000
0.160000
0.160000
0.160000
0.160000
0.160000
0.160000
0.160000
0.160000
0.160000
0.160000
0.160000
0.160000
0.160000
0.160000
0.160000
0.160000
0.160000
0.160000
0.160000
0.160000
