0.170000
0.180000
0.180000
0.180000
0.180000
0.180000
0.180000
0.200000
0.180000
0.180000
0.180000
0.180000
0.185000
0.205000
0.180000
0.180000
0.180000
0.180000
0.180000
0.180000
0.180000
0.180000
0.180000
0.180000
0.180000
0.180000
0.180000
0.180000
0.180000
0.180000
0.180000
0.180000
0.180000
0.180000
0.180000
0.180000
0.180000
0.180000
0.180000
0.180000
0.180000
0.180000
0.180000
0.180000
0.180000
0.180000
0.180000
0.180000
0.180000
0.180000
0.180000
0.180000
0.180000
0.180000
0.180000
0.180000
0.180000
0.180000
0.180000
0.180000
0.180000
0.180000
0.180000
0.180000
0.180000
0.180000
0.180000
0.180000
0.180000
0.180000
0.180000
0.180000
0.180000
0.180000
0.180000
0.180000
0.180000
0.180000
0.180000
0.180000
0.180000
0.180000
0.180000
0.180000
0.180000
0.180000
0.180000
0.180000
0.180000
0.180000
0.180000
0.180000
0.180000
0.180000
0.180000
0.180000
0.160000
0.180000
0.180000
0.180000
0.180000
0.180000
0.180000
0.180000
0.180000
0.180000
0.180000
0.180000
0.180000
0.180000
0.180000
0.180000
0.180000
0.180000
0.180000
0.180000
0.180000
0.180000
0.180000
0.180000
0.180000
0.180000
0.165000
0.180000
0.180000
0.180000
0.180000
0.180000
0.180000
0.180000
0.180000
0.180000
0.180000
0.180000
0.180000
0.180000
0.180000
0.180000
0.180000
0.180000
0.180000
0.180000
0.180000
0.180000
0.180000
0.180000
0.180000
0.180000
0.180000
0.180000
