0.155000
0.170000
0.170000
0.170000
0.170000
0.170000
0.170000
0.170000
0.170000
0.170000
0.170000
0.170000
0.170000
0.170000
0.170000
0.170000
0.170000
0.170000
0.170000
0.170000
0.170000
0.170000
0.170000
0.170000
0.170000
0.170000
0.170000
0.170000
0.170000
0.170000
0.170000
0.170000
0.170000
0.170000
0.170000
0.170000
0.170000
0.170000
0.170000
0.170000
0.170000
0.170000
0.170000
0.170000
0.170000
0.170000
0.170000
0.170000
0.170000
0.170000
0.170000
0.170000
0.170000
0.170000
0.170000
0.170000
0.170000
0.170000
0.170000
0.170000
0.170000
0.170000
0.170000
0.170000
0.170000
0.170000
0.170000
0.170000
0.170000
0.170000
0.180000
0.170000
0.170000
0.170000
0.170000
0.170000
0.170000
0.170000
0.170000
0.170000
0.170000
0.170000
0.170000
0.170000
0.170000
0.170000
0.170000
0.170000
0.170000
0.170000
0.170000
0.170000
0.170000
0.170000
0.170000
0.170000
0.170000
0.170000
0.170000
0.170000
0.170000
0.170000
0.170000
0.170000
0.170000
0.170000
0.170000
0.170000
0.170000
0.170000
0.170000
0.170000
0.170000
0.170000
0.170000
0.170000
0.170000
0.170000
0.170000
0.170000
0.170000
0.170000
0.170000
0.170000
0.170000
0.170000
0.200000
0.170000
0.215000
0.235000
0.250000
0.170000
0.170000
0.170000
0.170000
0.170000
0.170000
0.170000
0.170000
0.170000
0.170000
0.170000
0.170000
0.170000
0.170000
0.185000
0.205000
0.180000
0.270000
0.210000
