0.088995
0.062680
0.062712
0.062712
0.062712
0.062712
0.062712
0.062712
0.062908
0.062712
0.062712
0.062712
0.062712
0.062712
0.062712
0.062712
0.062712
0.062712
0.062712
0.062712
0.062712
0.062712
0.062712
0.061703
0.061280
0.060769
0.061171
0.062482
0.061478
0.061588
0.061523
0.061636
0.060730
0.060777
0.060495
0.061719
0.060420
0.060424
0.060071
0.061052
0.061820
0.060581
0.061045
0.059877
0.061171
0.062361
0.061509
0.061370
0.062129
0.061170
0.060964
0.060266
0.061554
0.060775
0.059679
0.060112
0.061248
0.060966
0.060663
0.060884
0.060502
0.060816
0.060376
0.061570
0.060766
0.060188
0.061175
0.061115
0.061407
0.061041
0.060696
0.060259
0.061050
0.060427
0.060064
0.060463
0.059250
0.060148
0.060335
0.061136
0.060455
0.059799
0.060225
0.059482
0.060345
0.060305
0.059950
0.060654
0.059444
0.060187
0.061208
0.059797
0.061086
0.060380
0.060229
0.059444
0.059988
0.060738
0.060181
0.059722
0.060223
0.060261
0.059328
0.060112
0.060220
0.060073
0.060260
0.059604
0.060301
0.059680
0.059797
0.059659
0.060115
0.059726
0.059327
0.060186
0.060145
0.060027
0.058860
0.059486
0.059676
0.059250
0.060108
0.059871
0.059950
0.058898
0.059406
0.059872
0.059482
0.059483
0.061015
0.061504
0.061057
0.060647
0.061524
0.060299
0.059916
0.059797
0.059988
0.060583
0.059950
0.058742
0.061449
0.059598
0.059956
0.060615
0.059989
0.059443
0.059561
0.059833
