0.564585
0.289520
0.099648
0.090616
0.067523
0.064369
0.062862
0.054995
0.055767
0.054142
0.055385
0.055369
0.054077
0.051670
0.055145
0.053434
0.053768
0.055399
0.054078
0.051739
0.051049
0.054244
0.054467
0.052478
0.054652
0.051726
0.050566
0.050473
0.050910
0.053828
0.055742
0.052963
0.051433
0.052453
0.050747
0.055151
0.052709
0.050319
0.053360
0.051399
0.052100
0.048960
0.049772
0.048427
0.048801
0.048102
0.049490
0.046673
0.047848
0.047386
0.046399
0.048608
0.045651
0.046839
0.045778
0.048055
0.047252
0.044372
0.045380
0.047030
0.047042
0.045890
0.044629
0.046304
0.044377
0.045233
0.047191
0.047056
0.045879
0.046677
0.046651
0.045572
0.043872
0.045984
0.043818
0.046037
0.044435
0.046067
0.045211
0.044701
0.046574
0.046466
0.045494
0.051234
0.054739
0.055396
0.053643
0.053411
0.052776
0.056078
0.051948
0.054424
0.056586
0.056312
0.056053
0.057396
0.059391
0.059137
0.058789
0.059414
0.058001
0.058332
0.058940
0.059026
0.057487
0.055519
0.055140
0.055061
0.057069
0.057206
0.055416
0.054405
0.054675
0.054668
0.054818
0.054953
0.054476
0.055514
0.055250
0.052848
0.054017
0.054345
0.053343
0.054556
0.051812
0.060799
0.066436
0.060873
0.060812
0.060601
0.058922
0.059524
0.059318
0.058437
0.059290
0.059402
0.059597
0.058937
0.058702
0.058802
0.058774
0.059298
0.059129
0.058837
0.058588
0.059164
0.058678
0.057539
0.057979
0.058272
