0.202000
0.063150
0.062712
0.062712
0.062712
0.062712
0.062712
0.062712
0.062712
0.062712
0.062712
0.062712
0.062712
0.062751
0.062678
0.062114
0.062015
0.061276
0.062290
0.060539
0.061201
0.061475
0.061171
0.061393
0.060346
0.060729
0.060694
0.059673
0.061122
0.061671
0.062127
0.062712
0.062712
0.062361
0.060923
0.060698
0.061544
0.061059
0.060689
0.061198
0.060310
0.061435
0.059644
0.060070
0.061004
0.060108
0.060185
0.060305
0.059368
0.060331
0.060725
0.061271
0.060296
0.060031
0.059991
0.059673
0.059245
0.060137
0.059747
0.059001
0.059276
0.059458
0.059348
0.058868
0.058144
0.058155
0.059294
0.059240
0.060610
0.059183
0.059661
0.060171
0.058345
0.058779
0.059349
0.059249
0.059301
0.058877
0.058543
0.056892
0.057670
0.058719
0.060965
0.059074
0.057900
0.058787
0.059184
0.058572
0.056876
0.059664
0.059492
0.059345
0.058124
0.058976
0.057991
0.058917
0.058998
0.057417
0.058053
0.058530
0.057657
0.060588
0.060921
0.058679
0.058029
0.058292
0.073453
0.061001
0.059211
0.059071
0.058703
0.058663
0.059501
0.057817
0.058815
0.058326
0.058735
0.058498
0.058170
0.058125
0.058404
0.058401
0.058100
0.057567
0.057153
0.058802
0.058973
0.058760
0.057519
0.058191
0.057912
0.057161
0.057824
0.058108
0.057920
0.058225
0.057243
0.056717
0.056073
0.056574
0.057377
0.057995
0.056784
0.060456
0.062712
0.062712
0.062712
0.062712
0.062712
0.062712
