0.190983
0.062712
0.062712
0.062712
0.062712
0.062712
0.062712
0.062712
0.062712
0.061236
0.062928
0.062142
0.060618
0.060500
0.061041
0.062048
0.062211
0.059570
0.060015
0.061641
0.060739
0.061935
0.061833
0.060503
0.060417
0.058893
0.059289
0.060076
0.061013
0.060226
0.059764
0.059874
0.059028
0.058703
0.057742
0.058074
0.057639
0.060420
0.057520
0.059436
0.058619
0.058550
0.056835
0.057185
0.058174
0.058416
0.055231
0.058597
0.060535
0.059834
0.058823
0.058230
0.058962
0.057980
0.054542
0.057075
0.057800
0.062176
0.062595
0.062595
0.061353
0.061910
0.060805
0.060919
0.060760
0.061151
0.060390
0.060216
0.060514
0.060600
0.060370
0.059964
0.059275
0.059740
0.059734
0.059822
0.059817
0.059935
0.059459
0.059501
0.058300
0.058882
0.059454
0.058792
0.059191
0.061609
0.062595
0.060258
0.059425
0.058970
0.059449
0.059442
0.058872
0.059185
0.059098
0.059259
0.058621
0.058820
0.058147
0.057945
0.057980
0.058813
0.058307
0.058264
0.057336
0.060600
0.062712
0.062712
0.062712
0.062712
0.062712
0.062712
0.062712
0.062712
0.062712
0.062712
0.062712
0.062712
0.062712
0.062712
0.062712
0.062712
0.062712
0.062712
0.062712
0.062712
0.062712
0.062712
0.062712
0.062712
0.062712
0.062712
0.062712
0.062712
0.062712
0.062712
0.062712
0.062712
0.062712
0.062712
0.062712
0.062712
0.062712
0.062712
0.062712
0.062712
0.062712
0.062712
0.062712
0.062712
