0.205000
0.225000
0.175000
0.175000
0.170000
0.170000
0.170000
0.170000
0.170000
0.170000
0.175000
0.175000
0.175000
0.175000
0.180000
0.185000
0.185000
0.180000
0.200000
0.190000
0.195000
0.225000
0.175000
0.220000
0.170000
0.230000
0.200000
0.185000
0.280000
0.190000
0.170000
0.170000
0.240000
0.275000
0.275000
0.265000
0.285000
0.270000
0.275000
0.290000
0.280000
0.270000
0.285000
0.285000
0.270000
0.295000
0.295000
0.290000
0.275000
0.295000
0.280000
0.280000
0.295000
0.280000
0.270000
0.285000
0.295000
0.285000
0.280000
0.285000
0.290000
0.290000
0.290000
0.295000
0.275000
0.285000
0.295000
0.225000
0.285000
0.275000
0.285000
0.290000
0.285000
0.295000
0.285000
0.295000
0.295000
0.295000
0.295000
0.290000
0.295000
0.285000
0.295000
0.295000
0.295000
0.295000
0.300000
0.295000
0.295000
0.300000
0.290000
0.310000
0.275000
0.305000
0.305000
0.300000
0.305000
0.300000
0.310000
0.310000
0.310000
0.310000
0.310000
0.315000
0.315000
0.315000
0.310000
0.315000
0.315000
0.315000
0.305000
0.310000
0.315000
0.315000
0.315000
0.315000
0.315000
0.315000
0.315000
0.315000
0.315000
0.315000
0.320000
0.320000
0.320000
0.425000
0.360000
0.470000
0.470000
0.470000
0.470000
0.485000
0.490000
0.475000
0.485000
0.485000
0.485000
0.485000
0.585000
0.595000
0.575000
0.590000
0.600000
0.610000
0.620000
0.635000
0.585000
0.620000
0.625000
0.620000
