0.363241
0.121265
0.063634
0.062714
0.062712
0.062712
0.062712
0.062712
0.062712
0.062712
0.062595
0.062595
0.062595
0.062595
0.062637
0.062481
0.062361
0.062478
0.062168
0.062162
0.061585
0.061782
0.062595
0.062491
0.062712
0.064035
0.062000
0.062518
0.061775
0.062237
0.062712
0.062712
0.061764
0.059654
0.059158
0.059209
0.060619
0.059448
0.060076
0.059698
0.060007
0.058452
0.059760
0.060280
0.060073
0.058178
0.058564
0.060061
0.060109
0.059408
0.059608
0.057161
0.057329
0.057647
0.053268
0.053036
0.050789
0.052887
0.051305
0.050637
0.049727
0.050562
0.049427
0.051055
0.049329
0.049366
0.050370
0.051605
0.049556
0.049909
0.048716
0.049479
0.045758
0.048686
0.047795
0.046945
0.048118
0.048398
0.048535
0.047818
0.048994
0.048920
0.046437
0.047524
0.047656
0.046400
0.045312
0.046879
0.046926
0.046058
0.046288
0.047149
0.047415
0.046139
0.046866
0.045854
0.047341
0.046161
0.044391
0.046896
0.044931
0.046487
0.045936
0.044801
0.045533
0.046960
0.044155
0.043583
0.044403
0.046524
0.047556
0.046224
0.046640
0.045958
0.045237
0.045998
0.045228
0.045206
0.045063
0.045998
0.043424
0.042949
0.045813
0.045013
0.045461
0.043157
0.044341
0.039070
0.041254
0.036132
0.039763
0.036655
0.035740
0.038173
0.036718
0.034140
0.036688
0.037259
0.035956
0.036550
0.034335
0.036120
0.033251
0.031669
0.031763
0.031097
0.033874
0.032107
0.029312
0.030971
