0.208064
0.062010
0.061468
0.062248
0.062712
0.062712
0.062712
0.062712
0.062712
0.062712
0.062712
0.062712
0.062712
0.062712
0.062712
0.062712
0.062712
0.060799
0.058861
0.061162
0.061678
0.062869
0.061897
0.061700
0.062207
0.061738
0.061653
0.062011
0.061812
0.061334
0.061535
0.061171
0.061212
0.061341
0.060831
0.060877
0.060736
0.060987
0.060346
0.058829
0.060453
0.060220
0.060840
0.060427
0.060320
0.061332
0.059736
0.059812
0.059254
0.058653
0.057639
0.058966
0.057684
0.057931
0.056477
0.058330
0.058784
0.056992
0.057596
0.058976
0.057387
0.057358
0.054675
0.055163
0.056349
0.056925
0.057114
0.056302
0.055854
0.055137
0.056896
0.054239
0.054982
0.055532
0.055650
0.055888
0.055018
0.055876
0.055822
0.054502
0.055727
0.054291
0.054921
0.055265
0.055942
0.055999
0.056061
0.056402
0.054037
0.055208
0.053750
0.054938
0.054796
0.054790
0.053721
0.054469
0.055301
0.052756
0.055057
0.054280
0.055022
0.054141
0.053341
0.052540
0.053266
0.054889
0.054231
0.053231
0.053332
0.054780
0.054168
0.053222
0.053300
0.054133
0.054884
0.054121
0.053813
0.053908
0.052954
0.054562
0.054566
0.052820
0.052825
0.053599
0.052844
0.051847
0.052746
0.054295
0.053584
0.053626
0.051823
0.052923
0.054329
0.053446
0.053472
0.053361
0.053413
0.053416
0.053384
0.051850
0.052603
0.053359
0.053355
0.051680
0.052545
0.053320
0.052591
0.053013
0.053611
0.050871
