0.063688
0.062712
0.062712
0.062712
0.062712
0.062712
0.062712
0.062712
0.062712
0.062712
0.062712
0.062712
0.062712
0.062712
0.062712
0.062712
0.062712
0.062712
0.062712
0.062712
0.062712
0.062870
0.062712
0.062712
0.062712
0.062712
0.062712
0.062712
0.062712
0.062712
0.062712
0.062712
0.062712
0.062712
0.062712
0.062712
0.062712
0.062712
0.062712
0.062712
0.062712
0.062712
0.062712
0.062712
0.062712
0.062712
0.062712
0.062712
0.062712
0.062712
0.062712
0.062712
0.062712
0.062712
0.062712
0.062712
0.062712
0.062712
0.062712
0.062712
0.062712
0.062712
0.062712
0.062712
0.062712
0.062712
0.062712
0.062712
0.062712
0.062712
0.062712
0.062712
0.062712
0.062712
0.062712
0.062712
0.062712
0.062712
0.062712
0.062712
0.062712
0.062712
0.062712
0.062712
0.062712
0.062712
0.062712
0.062712
0.062712
0.062712
0.062712
0.062712
0.062712
0.062712
0.062712
0.062712
0.062712
0.062712
0.062712
0.062712
0.062712
0.062712
0.062712
0.062712
0.062712
0.062712
0.062712
0.062712
0.062712
0.062712
0.062712
0.062712
0.062712
0.062712
0.062712
0.062712
0.062712
0.062712
0.062712
0.062712
0.062712
0.062712
0.062712
0.062712
0.062712
0.062712
0.062712
0.062712
0.062712
0.062712
0.062712
0.062712
0.062712
0.062712
0.062712
0.062712
0.062712
0.062712
0.062712
0.062712
0.062712
0.062712
0.062712
0.062712
0.062712
0.062712
0.062712
0.062712
0.062712
0.062712
