0.185000
0.260000
0.260000
0.200000
0.220000
0.280000
0.240000
0.240000
0.275000
0.280000
0.280000
0.275000
0.290000
0.280000
0.260000
0.300000
0.260000
0.275000
0.305000
0.275000
0.295000
0.285000
0.285000
0.295000
0.295000
0.305000
0.280000
0.305000
0.310000
0.375000
0.370000
0.355000
0.390000
0.335000
0.365000
0.405000
0.340000
0.385000
0.380000
0.405000
0.415000
0.370000
0.380000
0.415000
0.385000
0.410000
0.415000
0.400000
0.400000
0.415000
0.350000
0.430000
0.345000
0.395000
0.415000
0.455000
0.455000
0.455000
0.470000
0.470000
0.485000
0.480000
0.485000
0.530000
0.500000
0.640000
0.600000
0.595000
0.610000
0.630000
0.650000
0.670000
0.670000
0.680000
0.670000
0.705000
0.710000
0.730000
0.685000
0.720000
0.685000
0.740000
0.700000
0.770000
0.745000
0.770000
0.775000
0.770000
0.760000
0.765000
0.795000
0.765000
0.795000
0.645000
0.640000
0.740000
0.775000
0.795000
0.775000
0.795000
0.800000
0.805000
0.810000
0.800000
0.815000
0.795000
0.810000
0.810000
0.800000
0.715000
0.780000
0.810000
0.820000
0.800000
0.760000
0.810000
0.810000
0.825000
0.820000
0.815000
0.825000
0.820000
0.825000
0.825000
0.835000
0.830000
0.835000
0.835000
0.835000
0.835000
0.835000
0.835000
0.835000
0.835000
0.830000
0.835000
0.830000
0.835000
0.835000
0.835000
0.835000
0.835000
0.830000
0.830000
0.825000
0.815000
0.835000
0.805000
0.825000
0.830000
