0.244790
0.063812
0.062712
0.062712
0.062712
0.062712
0.062712
0.062712
0.062754
0.062828
0.062115
0.061756
0.062340
0.062189
0.061933
0.061726
0.061681
0.061999
0.060288
0.060394
0.060585
0.060441
0.060862
0.059913
0.060992
0.060863
0.058935
0.059459
0.059691
0.059143
0.059113
0.060062
0.059930
0.058634
0.058133
0.059043
0.059423
0.058650
0.058238
0.057324
0.058216
0.058487
0.056252
0.055569
0.054728
0.053479
0.053406
0.048850
0.054364
0.055385
0.052771
0.053503
0.052971
0.053033
0.052597
0.050654
0.052030
0.050944
0.050126
0.050721
0.049750
0.050169
0.050481
0.051132
0.048622
0.048437
0.049364
0.045248
0.044389
0.040896
0.041790
0.036963
0.038216
0.038564
0.037251
0.038424
0.036491
0.036169
0.037857
0.036905
0.034367
0.035697
0.039185
0.035726
0.035803
0.035005
0.034704
0.036529
0.032887
0.033967
0.035601
0.032743
0.033603
0.032544
0.033920
0.033365
0.034349
0.034182
0.033346
0.032294
0.033154
0.031753
0.031377
0.029837
0.030625
0.033059
0.030986
0.028997
0.029645
0.027470
0.029190
0.029899
0.030900
0.026746
0.026778
0.022926
0.025188
0.024786
0.022720
0.023563
0.023136
0.022179
0.023113
0.026188
0.022218
0.020690
0.020787
0.023745
0.019769
0.018924
0.019482
0.017379
0.016276
0.014178
0.016520
0.015893
0.016385
0.018353
0.016400
0.015048
0.016559
0.013377
0.014016
0.013024
0.011894
0.012373
0.010646
0.013160
0.015870
0.017233
