0.181309
0.062090
0.061246
0.057910
0.056608
0.055453
0.055318
0.054031
0.053534
0.053995
0.054814
0.053438
0.053323
0.053221
0.054278
0.054018
0.054333
0.053131
0.053313
0.053865
0.053471
0.051739
0.053730
0.052321
0.053073
0.053767
0.052120
0.052119
0.052891
0.052719
0.051568
0.051148
0.052369
0.051060
0.053843
0.052119
0.053679
0.053757
0.051957
0.053000
0.052794
0.053588
0.051900
0.052777
0.051884
0.052726
0.051947
0.053501
0.051930
0.051877
0.050996
0.051856
0.052677
0.052681
0.052678
0.053519
0.050994
0.050998
0.053496
0.052692
0.052663
0.052665
0.051837
0.052683
0.051855
0.050989
0.053494
0.050191
0.053485
0.051872
0.053489
0.051825
0.053509
0.053494
0.052660
0.052659
0.051817
0.052662
0.053488
0.050974
0.052650
0.051822
0.052646
0.052652
0.052655
0.051814
0.051808
0.052651
0.053483
0.053488
0.049300
0.051807
0.052649
0.052649
0.052654
0.050980
0.051805
0.050970
0.051807
0.052650
0.053479
0.053496
0.053483
0.051803
0.053485
0.051804
0.052640
0.052644
0.051806
0.051803
0.052654
0.052643
0.053480
0.050964
0.051802
0.051802
0.053484
0.051800
0.051808
0.052646
0.052639
0.054448
0.053880
0.050513
0.051941
0.051010
0.051877
0.053377
0.051101
0.051357
0.052863
0.051153
0.051078
0.051136
0.051687
0.052591
0.052203
0.051708
0.050275
0.050499
0.052506
0.051415
0.052092
0.052128
0.052937
0.052020
0.050886
0.053130
0.047678
0.051800
