0.068942
0.062712
0.062712
0.063061
0.066221
0.062712
0.062712
0.062712
0.063585
0.062953
0.061627
0.062203
0.062752
0.062510
0.062294
0.061816
0.060856
0.062010
0.060500
0.060660
0.060424
0.060515
0.060180
0.060053
0.059320
0.059789
0.061413
0.059688
0.058280
0.058203
0.058159
0.058733
0.057607
0.057585
0.057601
0.058328
0.055527
0.056417
0.058887
0.059184
0.054602
0.055234
0.055285
0.055271
0.055838
0.057550
0.058768
0.056877
0.055349
0.055734
0.054372
0.054232
0.052634
0.054413
0.055912
0.055711
0.053142
0.054332
0.051172
0.051299
0.052498
0.051794
0.053485
0.052087
0.051998
0.053478
0.051854
0.053472
0.053478
0.051598
0.051527
0.050685
0.051381
0.052226
0.052970
0.051474
0.052158
0.052409
0.053356
0.052952
0.052171
0.050551
0.051387
0.052016
0.049813
0.050786
0.052089
0.052495
0.052279
0.052053
0.052168
0.052112
0.051232
0.051206
0.052829
0.052870
0.050362
0.051972
0.051155
0.051135
0.051948
0.050317
0.051950
0.051934
0.051099
0.051945
0.052783
0.051943
0.051087
0.051911
0.051088
0.051941
0.051893
0.051964
0.051222
0.051066
0.051924
0.049431
0.050255
0.051879
0.051070
0.051889
0.051031
0.050203
0.050212
0.052697
0.052711
0.051022
0.051026
0.052702
0.052711
0.051017
0.052700
0.051866
0.052694
0.051871
0.051847
0.052733
0.051025
0.052723
0.052695
0.050195
0.051845
0.052713
0.051032
0.051843
0.051005
0.051859
0.050162
0.050179
