0.398807
0.112909
0.062735
0.061707
0.060313
0.058685
0.055610
0.055339
0.053351
0.051653
0.052079
0.050769
0.051894
0.050068
0.051381
0.050649
0.051657
0.050467
0.050081
0.049545
0.048447
0.048324
0.051013
0.048188
0.047977
0.048517
0.046216
0.048006
0.047437
0.046979
0.047201
0.047508
0.048718
0.047917
0.046170
0.046703
0.045407
0.045213
0.045347
0.043412
0.044064
0.044490
0.047224
0.044621
0.042903
0.041304
0.043631
0.044577
0.045162
0.045790
0.047638
0.051069
0.047821
0.044807
0.044621
0.043866
0.043938
0.043879
0.043420
0.042404
0.042260
0.043557
0.043649
0.042623
0.037995
0.035651
0.034746
0.038523
0.034225
0.035313
0.033449
0.031578
0.029174
0.031494
0.030176
0.029653
0.029322
0.027796
0.031145
0.027790
0.027453
0.027639
0.025418
0.026623
0.025166
0.026187
0.023244
0.025523
0.024318
0.020848
0.021512
0.022557
0.020367
0.029864
0.032099
0.023299
0.022071
0.022158
0.020073
0.020034
0.018520
0.019140
0.017236
0.017133
0.015873
0.017114
0.017825
0.016143
0.019267
0.021815
0.019490
0.018293
0.015502
0.016120
0.019457
0.016791
0.015019
0.016125
0.013048
0.014823
0.015899
0.013242
0.013000
0.013796
0.012692
0.013109
0.011341
0.013247
0.011601
0.011056
0.013711
0.012162
0.013021
0.013190
0.012058
0.011073
0.011424
0.011859
0.012840
0.012076
0.011905
0.010765
0.013078
0.012420
0.013016
0.012254
0.012664
0.015283
0.013292
0.012643
