0.175000
0.155000
0.145000
0.145000
0.145000
0.145000
0.145000
0.145000
0.145000
0.145000
0.145000
0.145000
0.145000
0.145000
0.145000
0.145000
0.145000
0.145000
0.145000
0.145000
0.145000
0.145000
0.145000
0.145000
0.145000
0.145000
0.145000
0.145000
0.145000
0.145000
0.145000
0.145000
0.145000
0.145000
0.145000
0.145000
0.145000
0.145000
0.145000
0.145000
0.145000
0.145000
0.145000
0.145000
0.145000
0.145000
0.145000
0.145000
0.145000
0.145000
0.145000
0.145000
0.145000
0.145000
0.145000
0.145000
0.145000
0.145000
0.145000
0.145000
0.145000
0.145000
0.145000
0.145000
0.145000
0.145000
0.145000
0.145000
0.145000
0.145000
0.145000
0.145000
0.145000
0.145000
0.145000
0.145000
0.145000
0.145000
0.165000
0.185000
0.145000
0.180000
0.170000
0.150000
0.145000
0.210000
0.165000
0.195000
0.220000
0.195000
0.230000
0.185000
0.225000
0.150000
0.145000
0.145000
0.145000
0.145000
0.145000
0.145000
0.145000
0.145000
0.145000
0.145000
0.145000
0.145000
0.145000
0.145000
0.145000
0.145000
0.145000
0.145000
0.145000
0.145000
0.145000
0.145000
0.145000
0.145000
0.145000
0.145000
0.145000
0.145000
0.145000
0.145000
0.145000
0.145000
0.145000
0.145000
0.145000
0.145000
0.145000
0.145000
0.145000
0.145000
0.145000
0.145000
0.145000
0.145000
0.145000
0.145000
0.145000
0.145000
0.145000
0.145000
0.145000
0.145000
0.145000
0.145000
0.145000
0.145000
