0.600352
0.328341
0.198664
0.156131
0.132101
0.093344
0.079197
0.068050
0.061834
0.060043
0.061865
0.060023
0.060867
0.061413
0.061804
0.062518
0.061536
0.061186
0.060592
0.062537
0.062518
0.062079
0.060146
0.068589
0.062991
0.063315
0.060930
0.060491
0.058593
0.058625
0.059544
0.059806
0.058668
0.059471
0.059472
0.059811
0.060203
0.061877
0.059762
0.060326
0.059424
0.060275
0.059269
0.061260
0.060289
0.057486
0.056335
0.059985
0.060332
0.060000
0.059373
0.059137
0.059004
0.059290
0.059220
0.062517
0.062751
0.062712
0.062595
0.062395
0.061598
0.059225
0.059080
0.058513
0.057366
0.057626
0.058933
0.060285
0.060738
0.057569
0.058747
0.057936
0.058654
0.058333
0.060512
0.059544
0.057960
0.059458
0.058697
0.057672
0.057911
0.059771
0.058973
0.057067
0.057776
0.060752
0.060175
0.059101
0.058089
0.058735
0.058650
0.058825
0.060636
0.061198
0.058804
0.060292
0.060838
0.060491
0.058470
0.058884
0.059076
0.058415
0.058642
0.058321
0.059809
0.060417
0.059542
0.057940
0.058036
0.057607
0.058116
0.058350
0.058653
0.059332
0.058123
0.060387
0.062556
0.062712
0.062712
0.062712
0.062712
0.062712
0.062712
0.062712
0.062712
0.062712
0.062712
0.062712
0.062712
0.062712
0.062712
0.062712
0.062751
0.062790
0.062556
0.058969
0.061400
0.059920
0.059750
0.060070
0.060389
0.059762
0.060614
0.061151
0.059546
0.059591
0.059000
0.059489
0.058436
0.057491
