0.135000
0.180000
0.180000
0.180000
0.160000
0.150000
0.180000
0.250000
0.335000
0.285000
0.230000
0.250000
0.165000
0.165000
0.165000
0.165000
0.165000
0.165000
0.175000
0.180000
0.165000
0.165000
0.165000
0.175000
0.215000
0.205000
0.165000
0.165000
0.165000
0.165000
0.165000
0.165000
0.165000
0.165000
0.165000
0.165000
0.165000
0.165000
0.165000
0.165000
0.165000
0.165000
0.165000
0.165000
0.165000
0.165000
0.165000
0.165000
0.165000
0.165000
0.165000
0.165000
0.165000
0.165000
0.165000
0.165000
0.165000
0.165000
0.165000
0.165000
0.165000
0.165000
0.165000
0.165000
0.165000
0.165000
0.165000
0.165000
0.165000
0.165000
0.165000
0.165000
0.165000
0.165000
0.165000
0.165000
0.165000
0.165000
0.165000
0.165000
0.165000
0.165000
0.165000
0.165000
0.165000
0.165000
0.165000
0.165000
0.165000
0.165000
0.165000
0.165000
0.165000
0.165000
0.165000
0.165000
0.165000
0.165000
0.165000
0.165000
0.165000
0.165000
0.165000
0.165000
0.165000
0.165000
0.165000
0.165000
0.165000
0.165000
0.165000
0.165000
0.165000
0.165000
0.165000
0.165000
0.165000
0.165000
0.165000
0.165000
0.165000
0.165000
0.165000
0.165000
0.165000
0.165000
0.165000
0.165000
0.165000
0.165000
0.165000
0.165000
0.165000
0.165000
0.165000
0.165000
0.165000
0.165000
0.165000
0.165000
0.165000
0.165000
0.165000
0.165000
0.165000
0.165000
0.165000
0.195000
0.165000
0.165000
