0.165000
0.205000
0.175000
0.175000
0.175000
0.175000
0.175000
0.175000
0.175000
0.175000
0.175000
0.175000
0.175000
0.175000
0.180000
0.175000
0.175000
0.175000
0.175000
0.175000
0.175000
0.175000
0.175000
0.175000
0.175000
0.175000
0.175000
0.175000
0.175000
0.175000
0.175000
0.175000
0.175000
0.175000
0.175000
0.175000
0.175000
0.175000
0.175000
0.175000
0.175000
0.175000
0.175000
0.175000
0.175000
0.175000
0.175000
0.175000
0.175000
0.175000
0.175000
0.175000
0.175000
0.175000
0.175000
0.175000
0.175000
0.175000
0.175000
0.175000
0.175000
0.175000
0.175000
0.175000
0.175000
0.175000
0.175000
0.175000
0.175000
0.175000
0.175000
0.175000
0.175000
0.175000
0.175000
0.175000
0.175000
0.175000
0.175000
0.175000
0.175000
0.175000
0.175000
0.175000
0.175000
0.175000
0.175000
0.175000
0.175000
0.175000
0.175000
0.175000
0.175000
0.175000
0.175000
0.175000
0.175000
0.175000
0.175000
0.175000
0.175000
0.175000
0.175000
0.175000
0.175000
0.175000
0.175000
0.175000
0.175000
0.175000
0.175000
0.175000
0.175000
0.175000
0.175000
0.175000
0.175000
0.175000
0.175000
0.175000
0.175000
0.175000
0.175000
0.175000
0.175000
0.175000
0.175000
0.175000
0.175000
0.175000
0.175000
0.175000
0.175000
0.175000
0.175000
0.175000
0.175000
0.175000
0.175000
0.175000
0.175000
0.175000
0.175000
0.175000
0.175000
0.175000
0.175000
0.175000
0.175000
0.175000
