0.817978
0.536292
0.258325
0.206608
0.170229
0.186196
0.162106
0.177206
0.145394
0.144274
0.110944
0.091266
0.073309
0.065414
0.064170
0.063016
0.063597
0.063498
0.063667
0.064093
0.062752
0.062687
0.062317
0.062985
0.063055
0.061933
0.063040
0.063530
0.064444
0.064056
0.063957
0.063628
0.063314
0.063185
0.062830
0.063223
0.063821
0.062948
0.062712
0.062751
0.062673
0.063071
0.062639
0.062204
0.063216
0.063498
0.062915
0.062836
0.062728
0.062751
0.062909
0.062768
0.062250
0.062712
0.062596
0.061638
0.062597
0.061786
0.062286
0.062990
0.061364
0.062949
0.061479
0.062444
0.062996
0.061556
0.062595
0.062560
0.061706
0.061663
0.061162
0.062752
0.061084
0.062207
0.060497
0.062127
0.061169
0.061701
0.060650
0.060885
0.060923
0.061740
0.060573
0.061664
0.060777
0.062295
0.061240
0.061390
0.060926
0.062090
0.060223
0.061855
0.059885
0.059668
0.060679
0.061818
0.060241
0.059707
0.060210
0.060338
0.061817
0.060348
0.060648
0.060458
0.060027
0.059550
0.060786
0.060604
0.061606
0.061054
0.062047
0.060479
0.061121
0.060067
0.061237
0.060505
0.060416
0.060517
0.060847
0.060183
0.060144
0.060448
0.059980
0.060748
0.061051
0.060713
0.060797
0.060099
0.059743
0.060827
0.060164
0.059325
0.059683
0.059357
0.058418
0.059112
0.059342
0.060507
0.059273
0.058985
0.058929
0.058848
0.058678
0.058547
0.058833
0.058660
0.058889
0.058284
0.059193
0.057860
