0.613798
0.512252
0.381832
0.355895
0.215718
0.219283
0.199738
0.174683
0.142746
0.118090
0.088452
0.061725
0.065244
0.063911
0.061998
0.060272
0.060347
0.061776
0.061978
0.062595
0.062054
0.061621
0.062050
0.062027
0.061271
0.061544
0.061163
0.062712
0.061122
0.060919
0.062127
0.061038
0.061543
0.061116
0.060882
0.060396
0.060725
0.060259
0.060045
0.060567
0.060107
0.059539
0.060412
0.060851
0.062361
0.060572
0.061038
0.059982
0.059476
0.059361
0.059636
0.059821
0.059820
0.058576
0.059198
0.059394
0.058882
0.058375
0.059237
0.058995
0.058764
0.059348
0.058922
0.058956
0.059281
0.058378
0.058752
0.058836
0.058725
0.057574
0.058935
0.057864
0.058983
0.058678
0.058447
0.057885
0.057717
0.058093
0.057406
0.057352
0.056927
0.060666
0.059677
0.059314
0.058829
0.058212
0.058224
0.058126
0.056968
0.057798
0.060512
0.062712
0.062712
0.062712
0.062712
0.062712
0.062712
0.062712
0.062712
0.062712
0.062712
0.062712
0.062712
0.062712
0.062712
0.062712
0.062712
0.062712
0.062712
0.062712
0.062712
0.062712
0.062712
0.062712
0.062712
0.062712
0.062712
0.062712
0.062712
0.062712
0.062712
0.062712
0.062712
0.062712
0.062712
0.062712
0.062712
0.062712
0.062712
0.062712
0.062712
0.062712
0.062712
0.062712
0.062712
0.062712
0.062712
0.062712
0.062712
0.062712
0.062712
0.062712
0.062712
0.062712
0.062712
0.062712
0.062712
0.062712
0.062712
0.062712
