0.833997
0.524599
0.353934
0.233360
0.191086
0.201837
0.244203
0.169640
0.150584
0.122671
0.086684
0.066928
0.062838
0.063188
0.063308
0.063473
0.063385
0.063387
0.062995
0.063030
0.062317
0.062640
0.062751
0.063264
0.062259
0.062365
0.062714
0.061357
0.062323
0.061586
0.062362
0.061743
0.062673
0.061859
0.062155
0.062790
0.062701
0.062327
0.061784
0.062289
0.061363
0.062171
0.061510
0.061666
0.061167
0.061314
0.061470
0.062064
0.061659
0.061273
0.063502
0.062751
0.062712
0.062712
0.062712
0.062712
0.062712
0.062712
0.062712
0.062712
0.062712
0.062712
0.062712
0.062712
0.062712
0.062712
0.062712
0.062712
0.062712
0.062712
0.062712
0.062712
0.062712
0.062712
0.062712
0.062712
0.062712
0.062712
0.062712
0.062712
0.062712
0.062712
0.062712
0.062712
0.062712
0.062367
0.061436
0.061430
0.060767
0.061934
0.062270
0.061779
0.061280
0.062367
0.060574
0.059794
0.060301
0.060181
0.066692
0.062712
0.062712
0.062712
0.062712
0.062790
0.062635
0.061856
0.061740
0.063305
0.062641
0.061684
0.062712
0.062712
0.062712
0.062712
0.062712
0.062712
0.062712
0.062712
0.062712
0.062712
0.062712
0.062712
0.062712
0.062712
0.062712
0.062712
0.062712
0.062712
0.062712
0.062712
0.062712
0.062712
0.062712
0.062712
0.062712
0.062712
0.062712
0.062712
0.062712
0.062712
0.062712
0.062712
0.062712
0.062712
0.062712
0.062712
0.062712
0.062712
0.062712
0.062712
